#                  name    selected         comp(a)    formation_energy    hull_dist(MASTER,atom_frac)        clex()    clex_hull_dist(MASTER,atom_frac)
    SCEL1_1_1_1_0_0_0/0           1      1.00000000          0.00000000                     0.00000000    0.00376590                          0.00000000
    SCEL1_1_1_1_0_0_0/1           1      0.00000000          0.03957646                     0.00000000    0.02920127                          0.00000000
    SCEL2_2_1_1_0_0_1/0           1      0.50000000          -0.01383632                    0.07908783    -0.00842269                         0.08098784
    SCEL2_2_1_1_0_1_1/0           1      0.50000000          -0.03327882                    0.06612617    -0.03392169                         0.06398850
    SCEL3_3_1_1_0_0_2/0           1      0.66666667          -0.06338554                    0.02815750    -0.06521338                         0.02668640
    SCEL3_3_1_1_0_0_2/1           1      0.33333333          0.02390491                     0.07507906    0.03066747                          0.08065251
    SCEL3_3_1_1_0_2_1/0           1      0.66666667          -0.10334154                    0.00418390    -0.10634929                         0.00200485
    SCEL3_3_1_1_0_2_1/1           1      0.33333333          -0.04529576                    0.02317856    -0.04410888                         0.02457024
    SCEL3_3_1_1_0_2_2/0           1      0.66666667          0.01616612                     0.07588850    0.01733855                          0.07621756
    SCEL3_3_1_1_0_2_2/1           1      0.33333333          0.01525024                     0.06858806    0.01311208                          0.06748597
    SCEL4_2_2_1_0_1_0/0           1      0.75000000          -0.08184416                    0.00946186    -0.08237604                         0.00974635
    SCEL4_2_2_1_0_1_0/1           1      0.25000000          0.00283177                     0.04071880    0.00519141                          0.04443440
    SCEL4_2_2_1_1_1_0/0           1      0.75000000          0.04062359                     0.07944343    0.03685992                          0.07788118
    SCEL4_2_2_1_1_1_0/1           1      0.25000000          -0.03132248                    0.01339540    -0.03108119                         0.01541632
    SCEL4_4_1_1_0_0_0/0           1      0.75000000          -0.03514166                    0.03614900    -0.02522324                         0.04240509
    SCEL4_4_1_1_0_0_0/1           1      0.50000000          0.02063093                     0.10206600    0.01972747                          0.09975461
    SCEL4_4_1_1_0_0_0/2           1      0.25000000          0.02262802                     0.05655580    0.02323307                          0.05886773
    SCEL4_4_1_1_0_0_2/0           1      0.75000000          -0.09671416                    0.00096471    -0.09324849                         0.00353352
    SCEL4_4_1_1_0_0_2/1           1      0.50000000          -0.04330832                    0.05943983    -0.04088564                         0.05934587
    SCEL4_4_1_1_0_0_2/2           1      0.25000000          0.01807152                     0.05291060    0.02085011                          0.05696136
    SCEL4_4_1_1_0_0_3/0           1      0.75000000          -0.01988016                    0.04486986    -0.02782005                         0.04092120
    SCEL4_4_1_1_0_0_3/1           1      0.50000000          -0.01958857                    0.07525300    -0.01536378                         0.07636044
    SCEL4_4_1_1_0_0_3/2           1      0.25000000          0.01329377                     0.04908840    0.01019144                          0.04843442
    SCEL4_4_1_1_0_1_0/0           1      0.75000000          -0.05279891                    0.02605914    -0.05893194                         0.02314297
    SCEL4_4_1_1_0_1_0/1           1      0.50000000          -0.02725232                    0.07014383    -0.03517939                         0.06315004
    SCEL4_4_1_1_0_1_0/2           1      0.25000000          0.00992627                     0.04639440    0.01038622                          0.04859025
    SCEL4_4_1_1_0_2_1/0           1      0.75000000          -0.04620766                    0.02982557    -0.04768782                         0.02956819
    SCEL4_4_1_1_0_2_1/1           1      0.50000000          -0.13246807                    0.00000000    -0.12990444                         0.00000000
    SCEL4_4_1_1_0_2_1/2           1      0.25000000          -0.04806673                    0.00000000    -0.04959001                         0.00060926
    SCEL5_1_1_5_0_0_0/0           1      0.80000000          -0.00600593                    0.04578589    -0.01332396                         0.04435095
    SCEL5_1_1_5_0_0_0/1           1      0.60000000          0.00576515                     0.07808825    0.00170747                          0.07467729
    SCEL5_1_1_5_0_0_0/2           1      0.60000000          -0.00874985                    0.06901638    -0.00719086                         0.06911584
    SCEL5_1_1_5_0_0_0/3           1      0.40000000          -0.00212398                    0.06898825    -0.00419400                         0.06706379
    SCEL5_1_1_5_0_0_0/4           1      0.40000000          0.02927302                     0.09141468    0.03165318                          0.09266892
    SCEL5_1_1_5_0_0_0/5           1      0.20000000          0.02443009                     0.04580682    0.02470570                          0.04928893
    SCEL5_5_1_1_0_0_3/0           1      0.80000000          -0.05791073                    0.01694989    -0.06889459                         0.01347837
    SCEL5_5_1_1_0_0_3/1           1      0.60000000          -0.08757945                    0.01974788    -0.07980335                         0.02373303
    SCEL5_5_1_1_0_0_3/2           1      0.60000000          -0.05363025                    0.04096612    -0.04827401                         0.04343887
    SCEL5_5_1_1_0_0_3/3           1      0.40000000          -0.02531138                    0.05242582    -0.03080012                         0.04805942
    SCEL5_5_1_1_0_0_3/4           1      0.40000000          0.00539222                     0.07435696    -0.00079809                         0.06948944
    SCEL5_5_1_1_0_0_3/5           1      0.20000000          0.03095969                     0.05124815    0.03267164                          0.05592721
    SCEL5_5_1_1_0_0_4/0           1      0.80000000          -0.04938953                    0.02168389    -0.03551433                         0.03202296
    SCEL5_5_1_1_0_0_4/1           1      0.60000000          -0.04730905                    0.04491688    -0.05007029                         0.04231619
    SCEL5_5_1_1_0_0_4/2           1      0.60000000          0.00802395                     0.07950000    -0.00478643                         0.07061861
    SCEL5_5_1_1_0_0_4/3           1      0.40000000          0.01721022                     0.08279839    0.01335587                          0.07959940
    SCEL5_5_1_1_0_0_4/4           1      0.40000000          -0.01058398                    0.06294539    -0.01270957                         0.06098124
    SCEL5_5_1_1_0_0_4/5           1      0.20000000          0.02557549                     0.04676132    0.02507576                          0.04959731
    SCEL5_5_1_1_0_1_3/0           1      0.80000000          -0.07895133                    0.00526067    -0.08467722                         0.00471025
    SCEL5_5_1_1_0_1_3/1           1      0.60000000          -0.10494705                    0.00889313    -0.09866277                         0.01194590
    SCEL5_5_1_1_0_1_3/2           1      0.40000000          -0.05736098                    0.02953325    -0.05995948                         0.02723130
    SCEL5_5_1_1_0_1_3/3           1      0.20000000          -0.00083071                    0.02475615    -0.00218358                         0.02688120
    SCEL5_5_1_1_0_4_3/0           1      0.80000000          -0.04813633                    0.02238011    -0.04696145                         0.02566345
    SCEL5_5_1_1_0_4_3/1           1      0.60000000          -0.04979265                    0.04336463    -0.04905741                         0.04294925
    SCEL5_5_1_1_0_4_3/2           1      0.60000000          -0.01327965                    0.06618525    -0.01779570                         0.06248781
    SCEL5_5_1_1_0_4_3/3           1      0.40000000          -0.01999398                    0.05622396    -0.02489849                         0.05227486
    SCEL5_5_1_1_0_4_3/4           1      0.40000000          0.00087202                     0.07112825    -0.00372154                         0.06740126
    SCEL5_5_1_1_0_4_3/5           1      0.20000000          -0.00893691                    0.01800098    -0.00364130                         0.02566643
    SCEL6_2_3_1_0_1_0/0           1      0.83333333          -0.04912427                    0.01780455    -0.04912360                         0.02173513
    SCEL6_2_3_1_0_1_0/1           1      0.66666667          -0.07678388                    0.02011850    -0.07060530                         0.02345124
    SCEL6_2_3_1_0_1_0/2           1      0.66666667          -0.06121288                    0.02946110    -0.05842183                         0.03076133
    SCEL6_2_3_1_0_1_0/3           1      0.50000000          -0.03806665                    0.06293428    -0.03789711                         0.06133823
    SCEL6_2_3_1_0_1_0/4           1      0.50000000          -0.01601665                    0.07763428    -0.01386660                         0.07735856
    SCEL6_2_3_1_0_1_0/5           1      0.33333333          0.01214624                     0.06626006    0.01232122                          0.06689282
    SCEL6_2_3_1_0_1_0/6           1      0.33333333          0.01073974                     0.06520519    0.01055476                          0.06556797
    SCEL6_2_3_1_0_1_0/7           1      0.16666667          0.02731914                     0.03957554    0.03213017                          0.04796926
    SCEL6_3_1_2_0_0_0/0           1      0.83333333          -0.05407094                    0.01510636    -0.05645031                         0.01773874
    SCEL6_3_1_2_0_0_0/1           1      0.66666667          -0.06642321                    0.02633490    -0.06741216                         0.02536713
    SCEL6_3_1_2_0_0_0/2           1      0.66666667          -0.07682738                    0.02009240    -0.07406486                         0.02137551
    SCEL6_3_1_2_0_0_0/3           1      0.50000000          -0.02988432                    0.06838917    -0.03365612                         0.06416555
    SCEL6_3_1_2_0_0_0/4           1      0.50000000          -0.01606932                    0.07759917    -0.01450780                         0.07693109
    SCEL6_3_1_2_0_0_0/5           1      0.33333333          0.01611758                     0.06923856    0.01497348                          0.06888201
    SCEL6_3_1_2_0_0_0/6           1      0.33333333          0.00728758                     0.06261606    0.00486318                          0.06129929
    SCEL6_3_1_2_0_0_0/7           1      0.16666667          0.02043280                     0.03367297    0.02950875                          0.04572233
    SCEL6_3_1_2_0_0_2/0           1      0.83333333          -0.03561761                    0.02517182    -0.05013699                         0.02118237
    SCEL6_3_1_2_0_0_2/1           1      0.66666667          -0.04343854                    0.04012570    -0.04142929                         0.04095685
    SCEL6_3_1_2_0_0_2/2           1      0.66666667          -0.07089354                    0.02365270    -0.06723351                         0.02547431
    SCEL6_3_1_2_0_0_2/3           1      0.50000000          -0.03339648                    0.06604772    -0.03350087                         0.06426905
    SCEL6_3_1_2_0_0_2/4           1      0.50000000          -0.02155865                    0.07393961    -0.03020761                         0.06646456
    SCEL6_3_1_2_0_0_2/5           1      0.33333333          -0.00026876                    0.05694881    -0.00334197                         0.05514543
    SCEL6_3_1_2_0_0_2/6           1      0.33333333          0.00115391                     0.05801581    0.00255074                          0.05956496
    SCEL6_3_1_2_0_0_2/7           1      0.16666667          0.03145880                     0.04312383    0.03412785                          0.04968156
    SCEL6_3_1_2_0_2_2/0           1      0.83333333          -0.05600094                    0.01405364    -0.06012655                         0.01573352
    SCEL6_3_1_2_0_2_2/1           1      0.66666667          -0.03127454                    0.04742410    -0.03529318                         0.04463852
    SCEL6_3_1_2_0_2_2/2           1      0.66666667          -0.08244638                    0.01672100    -0.07978539                         0.01794319
    SCEL6_3_1_2_0_2_2/3           1      0.50000000          -0.01858665                    0.07592094    -0.01962750                         0.07351796
    SCEL6_3_1_2_0_2_2/4           1      0.50000000          -0.05919848                    0.04884639    -0.05335628                         0.05103211
    SCEL6_3_1_2_0_2_2/5           1      0.33333333          0.00801041                     0.06315819    0.00542846                          0.06172325
    SCEL6_3_1_2_0_2_2/6           1      0.33333333          0.00128258                     0.05811231    0.00731347                          0.06313701
    SCEL6_3_1_2_0_2_2/7           1      0.16666667          0.02327364                     0.03610797    0.02570265                          0.04245996
    SCEL6_3_2_1_0_1_2/0           1      0.83333333          -0.08176594                    0.00000000    -0.08897134                         0.00000000
    SCEL6_3_2_1_0_1_2/1           1      0.66666667          -0.09343504                    0.01012780    -0.09589623                         0.00827669
    SCEL6_3_2_1_0_1_2/2           1      0.66666667          -0.10043638                    0.00592700    -0.10462675                         0.00303837
    SCEL6_3_2_1_0_1_2/3           1      0.50000000          -0.09215315                    0.02687661    -0.09138011                         0.02568289
    SCEL6_3_2_1_0_1_2/4           1      0.50000000          -0.06639898                    0.04404606    -0.05931042                         0.04706268
    SCEL6_3_2_1_0_1_2/5           1      0.33333333          -0.02479859                    0.03855144    -0.03271023                         0.03311923
    SCEL6_3_2_1_0_1_2/6           1      0.33333333          0.02339608                     0.07469744    0.01908443                          0.07196523
    SCEL6_3_2_1_0_1_2/7           1      0.16666667          0.02266314                     0.03558469    0.02639619                          0.04305442
    SCEL6_6_1_1_0_0_5/0           1      0.83333333          -0.03063261                    0.02789091    -0.02697948                         0.03381374
    SCEL6_6_1_1_0_0_5/1           1      0.66666667          -0.00735371                    0.06177660    -0.01170600                         0.05879082
    SCEL6_6_1_1_0_0_5/2           1      0.66666667          -0.01088104                    0.05966020    -0.02304394                         0.05198806
    SCEL6_6_1_1_0_0_5/3           1      0.50000000          0.00710035                     0.09304561    -0.00165125                         0.08550213
    SCEL6_6_1_1_0_0_5/4           1      0.50000000          -0.01647348                    0.07732972    -0.01439384                         0.07700707
    SCEL6_6_1_1_0_0_5/5           1      0.33333333          -0.00494959                    0.05343819    0.00684212                          0.06278350
    SCEL6_6_1_1_0_0_5/6           1      0.33333333          0.00779724                     0.06299831    0.00721176                          0.06306073
    SCEL6_6_1_1_0_0_5/7           1      0.16666667          0.02534814                     0.03788611    0.02775149                          0.04421611
    SCEL6_6_1_1_0_1_0/0           1      0.83333333          -0.04652594                    0.01922182    -0.04936555                         0.02160316
    SCEL6_6_1_1_0_1_0/1           1      0.66666667          -0.03865471                    0.04299600    -0.03401557                         0.04540508
    SCEL6_6_1_1_0_1_0/2           1      0.66666667          -0.03811871                    0.04331760    -0.03571305                         0.04438659
    SCEL6_6_1_1_0_1_0/3           1      0.50000000          0.00404135                     0.09100628    0.00043241                          0.08689124
    SCEL6_6_1_1_0_1_0/4           1      0.50000000          -0.05217715                    0.05352728    -0.04810361                         0.05453389
    SCEL6_6_1_1_0_1_0/5           1      0.33333333          -0.01424092                    0.04646969    -0.00515056                         0.05378899
    SCEL6_6_1_1_0_1_0/6           1      0.33333333          0.00070091                     0.05767606    0.00301646                          0.05991425
    SCEL6_6_1_1_0_1_0/7           1      0.16666667          0.00860480                     0.02353469    0.00635065                          0.02587253
    SCEL6_6_1_1_0_1_4/0           1      0.83333333          -0.06497761                    0.00915727    -0.06434665                         0.01343165
    SCEL6_6_1_1_0_1_4/1           1      0.66666667          -0.10374004                    0.00394480    -0.09885416                         0.00650193
    SCEL6_6_1_1_0_1_4/2           1      0.66666667          -0.03099054                    0.04759450    -0.03035026                         0.04760427
    SCEL6_6_1_1_0_1_4/3           1      0.50000000          -0.03437648                    0.06539439    -0.03912864                         0.06051720
    SCEL6_6_1_1_0_1_4/4           1      0.50000000          -0.05885382                    0.04907617    -0.06205729                         0.04523144
    SCEL6_6_1_1_0_1_4/5           1      0.33333333          0.01465508                     0.06814169    0.01189418                          0.06657254
    SCEL6_6_1_1_0_1_4/6           1      0.33333333          -0.02924159                    0.03521919    -0.03046207                         0.03480535
    SCEL6_6_1_1_0_1_4/7           1      0.16666667          0.00958664                     0.02437626    0.01289055                          0.03147816
    SCEL6_6_1_1_0_3_2/0           1      0.83333333          -0.03228927                    0.02698727    -0.02942277                         0.03248104
    SCEL6_6_1_1_0_3_2/1           1      0.66666667          -0.04955971                    0.03645300    -0.05387899                         0.03348703
    SCEL6_6_1_1_0_3_2/2           1      0.66666667          -0.00624138                    0.06244400    -0.00803260                         0.06099486
    SCEL6_6_1_1_0_3_2/3           1      0.50000000          -0.05969965                    0.04851228    -0.06031409                         0.04639357
    SCEL6_6_1_1_0_3_2/4           1      0.50000000          -0.02704648                    0.07028106    -0.02511246                         0.06986133
    SCEL6_6_1_1_0_3_2/5           1      0.33333333          -0.04561542                    0.02293881    -0.04733988                         0.02214699
    SCEL6_6_1_1_0_3_2/6           1      0.33333333          -0.03310309                    0.03232306    -0.02709456                         0.03733099
    SCEL6_6_1_1_0_3_2/7           1      0.16666667          -0.00387353                    0.01283897    -0.00535513                         0.01583900
    SCEL6_6_1_1_0_5_5/0           1      0.83333333          -0.01697261                    0.03534182    -0.01047565                         0.04281583
    SCEL6_6_1_1_0_5_5/1           1      0.66666667          0.00419896                     0.06870820    -0.00028019                         0.06564631
    SCEL6_6_1_1_0_5_5/2           1      0.66666667          -0.02852254                    0.04907530    -0.02406188                         0.05137729
    SCEL6_6_1_1_0_5_5/3           1      0.50000000          0.00178652                     0.08950306    0.00723362                          0.09142537
    SCEL6_6_1_1_0_5_5/4           1      0.50000000          0.00978552                     0.09483572    0.01119339                          0.09406522
    SCEL6_6_1_1_0_5_5/5           1      0.33333333          0.02821958                     0.07831506    0.03147701                          0.08125967
    SCEL6_6_1_1_0_5_5/6           1      0.33333333          0.00408524                     0.06021431    0.00543768                          0.06173016
    SCEL6_6_1_1_0_5_5/7           1      0.16666667          0.02723197                     0.03950083    0.02545496                          0.04224765
    SCEL7_7_1_1_0_0_0/0           1      0.85714286          -0.00972695                    0.03405885    -0.00844114                         0.03622878
    SCEL7_7_1_1_0_0_0/1           1      0.71428571          -0.01015661                    0.05473333    -0.00698247                         0.05654418
    SCEL7_7_1_1_0_0_0/2           1      0.71428571          -0.00757232                    0.05624083    -0.01572830                         0.05144245
    SCEL7_7_1_1_0_0_0/3           1      0.57142857          -0.01032484                    0.07168568    -0.00953230                         0.07108762
    SCEL7_7_1_1_0_0_0/4           1      0.42857143          0.01702007                     0.08776142    0.01689231                          0.08684715
    SCEL7_7_1_1_0_0_0/5           1      0.57142857          -0.00357913                    0.07597841    -0.00847229                         0.07176217
    SCEL7_7_1_1_0_0_0/6           1      0.57142857          0.01384516                     0.08706659    0.01109641                          0.08421498
    SCEL7_7_1_1_0_0_0/7           1      0.42857143          0.01795249                     0.08841412    0.01909091                          0.08838617
    SCEL7_7_1_1_0_0_0/8           1      0.42857143          -0.00961008                    0.06912032    -0.01268762                         0.06614120
    SCEL7_7_1_1_0_0_0/9           1      0.28571429          0.02026698                     0.06252636    0.01889551                          0.06269806
    SCEL7_7_1_1_0_0_0/10          1      0.42857143          0.00700992                     0.08075432    0.01057113                          0.08242233
    SCEL7_7_1_1_0_0_0/11          1      0.28571429          0.03101383                     0.07088503    0.03115191                          0.07223081
    SCEL7_7_1_1_0_0_0/12          1      0.28571429          0.00936540                     0.05404736    0.00903175                          0.05502624
    SCEL7_7_1_1_0_0_0/13          1      0.14285714          0.02947217                     0.03498034    0.02599015                          0.03696669
    SCEL7_7_1_1_0_0_0/14          1      0.71428571          -0.00393804                    0.05836083    0.00029783                          0.06079102
    SCEL7_7_1_1_0_0_0/15          1      0.57142857          0.01775230                     0.08955295    0.01870365                          0.08905595
    SCEL7_7_1_1_0_0_6/0           1      0.85714286          -0.02357552                    0.02660192    -0.02314017                         0.02831392
    SCEL7_7_1_1_0_0_6/1           1      0.71428571          -0.03759375                    0.03872833    -0.03032792                         0.04292600
    SCEL7_7_1_1_0_0_6/2           1      0.71428571          -0.01295518                    0.05310083    -0.00889737                         0.05542715
    SCEL7_7_1_1_0_0_6/3           1      0.42857143          0.00949792                     0.08249592    0.00658054                          0.07962892
    SCEL7_7_1_1_0_0_6/4           1      0.57142857          -0.00930341                    0.07233568    -0.00913596                         0.07133983
    SCEL7_7_1_1_0_0_6/5           1      0.57142857          -0.03906484                    0.05339659    -0.03557665                         0.05451394
    SCEL7_7_1_1_0_0_6/6           1      0.42857143          -0.01127422                    0.06795542    -0.01667696                         0.06334867
    SCEL7_7_1_1_0_0_6/7           1      0.42857143          0.01468321                     0.08612562    0.01242182                          0.08371781
    SCEL7_7_1_1_0_0_6/8           1      0.28571429          0.01757540                     0.06043292    0.01716332                          0.06135080
    SCEL7_7_1_1_0_0_6/9           1      0.42857143          0.00130878                     0.07676352    0.00551514                          0.07888314
    SCEL7_7_1_1_0_0_6/10          1      0.28571429          0.00500569                     0.05065647    0.01063465                          0.05627294
    SCEL7_7_1_1_0_0_6/11          1      0.14285714          0.02826731                     0.03392609    0.02740572                          0.03820532
    SCEL7_7_1_1_0_0_6/12          1      0.71428571          -0.04289232                    0.03563750    -0.04439865                         0.03471808
    SCEL7_7_1_1_0_0_6/13          1      0.57142857          -0.03736199                    0.05448023    -0.03872386                         0.05251117
    SCEL7_7_1_1_0_2_4/0           1      0.85714286          -0.04904552                    0.01288731    -0.05720543                         0.00997109
    SCEL7_7_1_1_0_2_4/1           1      0.71428571          -0.07829232                    0.01498750    -0.07662214                         0.01592104
    SCEL7_7_1_1_0_2_4/2           1      0.71428571          -0.07435518                    0.01728417    -0.07628006                         0.01612058
    SCEL7_7_1_1_0_2_4/3           1      0.57142857          -0.06074341                    0.03960114    -0.05786315                         0.04033162
    SCEL7_7_1_1_0_2_4/4           1      0.42857143          -0.04208536                    0.04638762    -0.03909726                         0.04765446
    SCEL7_7_1_1_0_2_4/5           1      0.57142857          -0.05752913                    0.04164659    -0.05403377                         0.04276850
    SCEL7_7_1_1_0_2_4/6           1      0.57142857          -0.09726484                    0.01636023    -0.09359612                         0.01759246
    SCEL7_7_1_1_0_2_4/7           1      0.42857143          -0.04075665                    0.04731772    -0.04051884                         0.04665935
    SCEL7_7_1_1_0_2_4/8           1      0.42857143          -0.00811579                    0.07016632    -0.01018738                         0.06789137
    SCEL7_7_1_1_0_2_4/9           1      0.28571429          -0.00890645                    0.03983592    -0.00908007                         0.04093928
    SCEL7_7_1_1_0_2_4/10          1      0.42857143          -0.08340893                    0.01746112    -0.08221448                         0.01747240
    SCEL7_7_1_1_0_2_4/11          1      0.28571429          -0.04770345                    0.00966047    -0.04458341                         0.01332557
    SCEL7_7_1_1_0_2_4/12          1      0.28571429          -0.00258288                    0.04475425    0.00362524                          0.05082119
    SCEL7_7_1_1_0_2_4/13          1      0.14285714          0.00621931                     0.01463409    0.00755314                          0.02083431
    SCEL7_7_1_1_0_2_4/14          1      0.71428571          -0.07388232                    0.01756000    -0.06960998                         0.02001147
    SCEL7_7_1_1_0_2_4/15          1      0.57142857          -0.06047627                    0.03977114    -0.06052965                         0.03863476
    SCEL7_7_1_1_0_3_5/0           1      0.85714286          -0.06911838                    0.00207885    -0.07198762                         0.00201144
    SCEL7_7_1_1_0_3_5/1           1      0.71428571          -0.09473518                    0.00539583    -0.09686938                         0.00411015
    SCEL7_7_1_1_0_3_5/2           1      0.57142857          -0.08366341                    0.02501568    -0.08207087                         0.02492671
    SCEL7_7_1_1_0_3_5/3           1      0.57142857          -0.07941199                    0.02772114    -0.08112676                         0.02552751
    SCEL7_7_1_1_0_3_5/4           1      0.42857143          -0.04739308                    0.04267222    -0.04966778                         0.04025509
    SCEL7_7_1_1_0_3_5/5           1      0.42857143          -0.02272965                    0.05993663    -0.02826031                         0.05524032
    SCEL7_7_1_1_0_3_5/6           1      0.28571429          0.00703840                     0.05223747    0.00641852                          0.05299373
    SCEL7_7_1_1_0_3_5/7           1      0.14285714          0.03597203                     0.04066771    0.03856752                          0.04797190
    SCEL7_7_1_1_0_3_6/0           1      0.85714286          -0.06136409                    0.00625423    -0.05441242                         0.01147501
    SCEL7_7_1_1_0_3_6/1           1      0.71428571          -0.03709518                    0.03901917    -0.03908500                         0.03781771
    SCEL7_7_1_1_0_3_6/2           1      0.71428571          -0.10398518                    0.00000000    -0.10391535                         0.00000000
    SCEL7_7_1_1_0_3_6/3           1      0.57142857          -0.06650199                    0.03593659    -0.06239294                         0.03744903
    SCEL7_7_1_1_0_3_6/4           1      0.42857143          -0.01517193                    0.06522702    -0.00955887                         0.06833133
    SCEL7_7_1_1_0_3_6/5           1      0.57142857          -0.06898199                    0.03435841    -0.06888546                         0.03331743
    SCEL7_7_1_1_0_3_6/6           1      0.57142857          -0.07355484                    0.03144841    -0.06540609                         0.03553157
    SCEL7_7_1_1_0_3_6/7           1      0.42857143          -0.01935236                    0.06230072    -0.02209408                         0.05955669
    SCEL7_7_1_1_0_3_6/8           1      0.42857143          -0.04129408                    0.04694152    -0.03973247                         0.04720981
    SCEL7_7_1_1_0_3_6/9           1      0.28571429          0.00935312                     0.05403781    0.00790996                          0.05415374
    SCEL7_7_1_1_0_3_6/10          1      0.42857143          -0.02956779                    0.05514992    -0.03205257                         0.05258574
    SCEL7_7_1_1_0_3_6/11          1      0.28571429          0.01062426                     0.05502647    0.01583661                          0.06031892
    SCEL7_7_1_1_0_3_6/12          1      0.28571429          -0.00505617                    0.04283058    -0.00371995                         0.04510826
    SCEL7_7_1_1_0_3_6/13          1      0.14285714          0.02375574                     0.02997846    0.02855027                          0.03920681
    SCEL7_7_1_1_0_3_6/14          1      0.71428571          -0.06194375                    0.02452417    -0.06405937                         0.02324932
    SCEL7_7_1_1_0_3_6/15          1      0.57142857          -0.01410913                    0.06927750    -0.01421190                         0.06810969
    SCEL7_7_1_1_0_6_4/0           1      0.85714286          -0.03055409                    0.02284423    -0.04179091                         0.01827121
    SCEL7_7_1_1_0_6_4/1           1      0.71428571          -0.04214090                    0.03607583    -0.04730133                         0.03302484
    SCEL7_7_1_1_0_6_4/2           1      0.71428571          -0.02919518                    0.04362750    -0.02469349                         0.04621275
    SCEL7_7_1_1_0_6_4/3           1      0.57142857          -0.04523484                    0.04947023    -0.04541434                         0.04825359
    SCEL7_7_1_1_0_6_4/4           1      0.42857143          -0.00541351                    0.07205792    -0.00570530                         0.07102883
    SCEL7_7_1_1_0_6_4/5           1      0.57142857          -0.00293913                    0.07638568    -0.00234115                         0.07566380
    SCEL7_7_1_1_0_6_4/6           1      0.57142857          -0.04533341                    0.04940750    -0.04227751                         0.05024976
    SCEL7_7_1_1_0_6_4/7           1      0.42857143          -0.00032379                    0.07562073    -0.00315116                         0.07281673
    SCEL7_7_1_1_0_6_4/8           1      0.42857143          -0.00954136                    0.06916842    -0.01227762                         0.06642820
    SCEL7_7_1_1_0_6_4/9           1      0.28571429          0.02220869                     0.06403658    0.02367732                          0.06641724
    SCEL7_7_1_1_0_6_4/10          1      0.42857143          -0.00051808                    0.07548472    -0.00983475                         0.06813821
    SCEL7_7_1_1_0_6_4/11          1      0.28571429          0.03175455                     0.07146114    0.03451631                          0.07484757
    SCEL7_7_1_1_0_6_4/12          1      0.28571429          0.01027740                     0.05475669    0.00467376                          0.05163670
    SCEL7_7_1_1_0_6_4/13          1      0.14285714          0.03148060                     0.03673771    0.03683890                          0.04645936
    SCEL7_7_1_1_0_6_4/14          1      0.71428571          -0.08457232                    0.01132417    -0.07922548                         0.01440242
    SCEL7_7_1_1_0_6_4/15          1      0.57142857          -0.03574056                    0.05551205    -0.03776415                         0.05312190
    SCEL7_7_1_1_0_6_5/0           1      0.85714286          -0.04049981                    0.01748885    -0.03961059                         0.01944523
    SCEL7_7_1_1_0_6_5/1           1      0.71428571          -0.03080232                    0.04269000    -0.02981545                         0.04322494
    SCEL7_7_1_1_0_6_5/2           1      0.71428571          -0.03953090                    0.03759833    -0.03249447                         0.04166218
    SCEL7_7_1_1_0_6_5/3           1      0.57142857          -0.03011342                    0.05909295    -0.02722213                         0.05983045
    SCEL7_7_1_1_0_6_5/4           1      0.42857143          -0.01573622                    0.06483202    -0.01819394                         0.06228678
    SCEL7_7_1_1_0_6_5/5           1      0.57142857          -0.01149341                    0.07094205    -0.01373284                         0.06841455
    SCEL7_7_1_1_0_6_5/6           1      0.57142857          -0.07060056                    0.03332841    -0.07352546                         0.03036470
    SCEL7_7_1_1_0_6_5/7           1      0.42857143          -0.02273222                    0.05993482    -0.02448924                         0.05788007
    SCEL7_7_1_1_0_6_5/8           1      0.42857143          0.00546392                     0.07967212    0.00071965                          0.07552629
    SCEL7_7_1_1_0_6_5/9           1      0.28571429          -0.00708274                    0.04125436    -0.00447004                         0.04452485
    SCEL7_7_1_1_0_6_5/10          1      0.42857143          -0.03900993                    0.04854043    -0.03667528                         0.04934984
    SCEL7_7_1_1_0_6_5/11          1      0.28571429          -0.01032188                    0.03873503    -0.01451893                         0.03670905
    SCEL7_7_1_1_0_6_5/12          1      0.28571429          0.00193483                     0.04826803    0.00149421                          0.04916371
    SCEL7_7_1_1_0_6_5/13          1      0.14285714          0.01237017                     0.02001609    0.00852255                          0.02168255
    SCEL7_7_1_1_0_6_5/14          1      0.71428571          -0.07894090                    0.01460917    -0.07778251                         0.01524416
    SCEL7_7_1_1_0_6_5/15          1      0.57142857          -0.04837627                    0.04747114    -0.03952364                         0.05200222
    SCEL8_1_1_8_0_0_0/0           1      0.87500000          -0.01058020                    0.02976467    -0.00691526                         0.03139828
    SCEL8_1_1_8_0_0_0/1           1      0.75000000          0.00163884                     0.05716643    -0.00182551                         0.05577522
    SCEL8_1_1_8_0_0_0/2           1      0.50000000          0.01585568                     0.09888250    0.01353388                          0.09562555
    SCEL8_1_1_8_0_0_0/3           1      0.37500000          -0.00488277                    0.06209791    -0.00440217                         0.06234607
    SCEL8_1_1_8_0_0_0/4           1      0.75000000          -0.01721116                    0.04639500    -0.01329153                         0.04922321
    SCEL8_1_1_8_0_0_0/5           1      0.37500000          0.01136723                     0.07391609    0.01289990                          0.07492939
    SCEL8_1_1_8_0_0_0/6           1      0.25000000          0.01381890                     0.04950850    0.01155294                          0.04952362
    SCEL8_1_1_8_0_0_0/7           1      0.25000000          0.03338202                     0.06515900    0.03090808                          0.06500773
    SCEL8_1_1_8_0_0_0/8           1      0.12500000          0.03178469                     0.03202651    0.02639154                          0.03285928
    SCEL8_1_1_8_0_0_0/9           1      0.75000000          -0.00074741                    0.05580286    0.00073134                          0.05723628
    SCEL8_1_1_8_0_0_0/10          1      0.62500000          0.00063914                     0.07168750    -0.00405661                         0.06811540
    SCEL8_1_1_8_0_0_0/11          1      0.50000000          0.00171943                     0.08945833    0.00042274                          0.08688479
    SCEL8_1_1_8_0_0_0/12          1      0.50000000          0.00881568                     0.09418917    0.00692634                          0.09122052
    SCEL8_1_1_8_0_0_0/13          1      0.62500000          -0.00453836                    0.06850135    -0.00037011                         0.07038402
    SCEL8_1_1_8_0_0_0/14          1      0.62500000          -0.02915586                    0.05335212    -0.02652684                         0.05428757
    SCEL8_1_1_8_0_0_0/15          1      0.50000000          0.00076443                     0.08882167    -0.00008538                         0.08654604
    SCEL8_1_1_8_0_0_0/16          1      0.37500000          0.00449973                     0.06892155    0.00229578                          0.06721731
    SCEL8_1_1_8_0_0_0/17          1      0.62500000          0.00485164                     0.07427981    0.01018010                          0.07687646
    SCEL8_1_1_8_0_0_0/18          1      0.50000000          0.02321943                     0.10379167    0.02628520                          0.10412643
    SCEL8_1_1_8_0_0_0/19          1      0.50000000          -0.00530932                    0.08477250    -0.00003126                         0.08658212
    SCEL8_1_1_8_0_0_0/20          1      0.37500000          0.02028598                     0.08040245    0.02052907                          0.08047788
    SCEL8_1_1_8_0_0_0/21          1      0.37500000          0.02273473                     0.08218336    0.02309027                          0.08234057
    SCEL8_1_1_8_0_0_0/22          1      0.25000000          0.02130252                     0.05549540    0.02035809                          0.05656774
    SCEL8_2_2_2_0_0_0/0           1      0.87500000          -0.04463270                    0.01160333    -0.05349209                         0.00655730
    SCEL8_2_2_2_0_0_0/1           1      0.62500000          -0.07666961                    0.02411288    -0.07437373                         0.02484333
    SCEL8_2_2_2_0_0_0/2           1      0.50000000          -0.01010432                    0.08157583    -0.01310968                         0.07786317
    SCEL8_2_2_2_0_0_0/3           1      0.37500000          -0.00494527                    0.06205245    -0.00179522                         0.06424204
    SCEL8_2_2_2_0_0_0/4           1      0.50000000          -0.03823057                    0.06282500    -0.03933505                         0.06037960
    SCEL8_2_2_2_0_0_0/5           1      0.62500000          -0.02757211                    0.05432673    -0.02530776                         0.05503777
    SCEL8_2_2_2_0_0_0/6           1      0.37500000          -0.02307402                    0.04886791    -0.03048353                         0.04337781
    SCEL8_2_2_2_0_0_0/7           1      0.12500000          0.01653294                     0.01846940    0.01163941                          0.01974628
    SCEL8_2_4_1_0_1_1/0           1      0.87500000          -0.04835895                    0.00961600    -0.04652313                         0.01027408
    SCEL8_2_4_1_0_1_1/1           1      0.75000000          -0.04654491                    0.02963286    -0.05493543                         0.02542669
    SCEL8_2_4_1_0_1_1/2           1      0.50000000          -0.03633057                    0.06409167    -0.03632744                         0.06238467
    SCEL8_2_4_1_0_1_1/3           1      0.37500000          -0.00978277                    0.05853427    -0.00651799                         0.06080729
    SCEL8_2_4_1_0_1_1/4           1      0.75000000          -0.09124241                    0.00409143    -0.08819355                         0.00642206
    SCEL8_2_4_1_0_1_1/5           1      0.37500000          -0.00327527                    0.06326700    -0.00650196                         0.06081895
    SCEL8_2_4_1_0_1_1/6           1      0.25000000          0.01087615                     0.04715430    0.01455366                          0.05192420
    SCEL8_2_4_1_0_1_1/7           1      0.25000000          0.01803365                     0.05288030    0.01827436                          0.05490076
    SCEL8_2_4_1_0_1_1/8           1      0.12500000          0.02593019                     0.02682251    0.03030972                          0.03634211
    SCEL8_2_4_1_0_1_1/9           1      0.62500000          -0.05353336                    0.03835058    -0.05409320                         0.03732366
    SCEL8_2_4_1_0_1_1/10          1      0.75000000          -0.04867741                    0.02841429    -0.05282644                         0.02663183
    SCEL8_2_4_1_0_1_1/11          1      0.62500000          -0.06963336                    0.02844288    -0.06245671                         0.03217688
    SCEL8_2_4_1_0_1_1/12          1      0.50000000          -0.02674932                    0.07047917    -0.02483189                         0.07004837
    SCEL8_2_4_1_0_1_1/13          1      0.50000000          -0.02703057                    0.07029167    -0.02677195                         0.06875499
    SCEL8_2_4_1_0_1_1/14          1      0.62500000          -0.01263711                    0.06351750    -0.02202096                         0.05706042
    SCEL8_2_4_1_0_1_1/15          1      0.62500000          -0.05736961                    0.03598981    -0.06301936                         0.03183064
    SCEL8_2_4_1_0_1_1/16          1      0.50000000          -0.02367807                    0.07252667    -0.02918237                         0.06714805
    SCEL8_2_4_1_0_1_1/17          1      0.37500000          0.00552348                     0.06966609    0.00361021                          0.06817325
    SCEL8_2_4_1_0_1_1/18          1      0.62500000          -0.05891336                    0.03503981    -0.05784516                         0.03501476
    SCEL8_2_4_1_0_1_1/19          1      0.50000000          -0.02059682                    0.07458083    -0.02351749                         0.07092463
    SCEL8_2_4_1_0_1_1/20          1      0.50000000          -0.03508057                    0.06492500    -0.03241991                         0.06498969
    SCEL8_2_4_1_0_1_1/21          1      0.37500000          0.00102973                     0.06639791    -0.00661901                         0.06073382
    SCEL8_2_4_1_0_1_1/22          1      0.37500000          0.00507848                     0.06934245    0.00601409                          0.06992153
    SCEL8_2_4_1_0_1_1/23          1      0.25000000          0.01596515                     0.05122550    0.02252557                          0.05830173
    SCEL8_2_4_1_1_0_1/0           1      0.87500000          -0.05844020                    0.00423933    -0.06055826                         0.00278867
    SCEL8_2_4_1_1_0_1/1           1      0.75000000          -0.09713116                    0.00072643    -0.09298527                         0.00368393
    SCEL8_2_4_1_1_0_1/2           1      0.75000000          -0.07177366                    0.01521643    -0.06777671                         0.01808882
    SCEL8_2_4_1_1_0_1/3           1      0.62500000          -0.07897836                    0.02269212    -0.07445690                         0.02479215
    SCEL8_2_4_1_1_0_1/4           1      0.62500000          -0.09732086                    0.01140442    -0.09796421                         0.01032611
    SCEL8_2_4_1_1_0_1/5           1      0.50000000          -0.07830932                    0.03610583    -0.07899748                         0.03393798
    SCEL8_2_4_1_1_0_1/6           1      0.62500000          -0.07010461                    0.02815288    -0.06462261                         0.03084402
    SCEL8_2_4_1_1_0_1/7           1      0.62500000          -0.02795961                    0.05408827    -0.02374616                         0.05599875
    SCEL8_2_4_1_1_0_1/8           1      0.50000000          -0.02221932                    0.07349917    -0.03225338                         0.06510071
    SCEL8_2_4_1_1_0_1/9           1      0.50000000          -0.06400432                    0.04564250    -0.05648121                         0.04894882
    SCEL8_2_4_1_1_0_1/10          1      0.37500000          -0.01722902                    0.05311882    -0.02438048                         0.04781639
    SCEL8_2_4_1_1_0_1/11          1      0.50000000          -0.02059557                    0.07458167    -0.02000810                         0.07326423
    SCEL8_2_4_1_1_0_1/12          1      0.37500000          -0.00303777                    0.06343973    -0.01141467                         0.05724607
    SCEL8_2_4_1_1_0_1/13          1      0.37500000          0.00786223                     0.07136700    0.01075429                          0.07336895
    SCEL8_2_4_1_1_0_1/14          1      0.25000000          0.03124515                     0.06344950    0.03655449                          0.06952486
    SCEL8_2_4_1_1_0_1/15          1      0.37500000          -0.02220027                    0.04950336    -0.02271870                         0.04902496
    SCEL8_2_4_1_1_0_1/16          1      0.25000000          -0.01115685                    0.02952790    -0.01258639                         0.03021215
    SCEL8_2_4_1_1_0_1/17          1      0.12500000          0.03139132                     0.03167684    0.03462252                          0.04017571
    SCEL8_2_4_1_1_1_0/0           1      0.87500000          -0.03258520                    0.01802867    -0.03869373                         0.01444976
    SCEL8_2_4_1_1_1_0/1           1      0.75000000          -0.06781866                    0.01747643    -0.06414803                         0.02016235
    SCEL8_2_4_1_1_1_0/2           1      0.37500000          -0.01883652                    0.05194973    -0.01673581                         0.05337615
    SCEL8_2_4_1_1_1_0/3           1      0.50000000          -0.02506432                    0.07160250    -0.02510854                         0.06986393
    SCEL8_2_4_1_1_1_0/4           1      0.37500000          -0.00785152                    0.05993882    -0.01378407                         0.05552287
    SCEL8_2_4_1_1_1_0/5           1      0.25000000          0.01795065                     0.05281390    0.01924057                          0.05567372
    SCEL8_2_4_1_1_1_0/6           1      0.12500000          0.01738532                     0.01922707    0.01978603                          0.02698772
    SCEL8_2_4_1_1_1_0/7           1      0.50000000          -0.04289932                    0.05971250    -0.04113543                         0.05917934
    SCEL8_2_4_1_1_1_0/8           1      0.62500000          -0.06729211                    0.02988365    -0.06288247                         0.03191487
    SCEL8_2_4_1_1_1_0/9           1      0.62500000          0.00193164                     0.07248288    0.00003749                          0.07063485
    SCEL8_2_4_1_1_1_0/10          1      0.62500000          -0.01310461                    0.06322981    -0.01108120                         0.06379258
    SCEL8_2_4_1_1_1_0/11          1      0.50000000          -0.00846807                    0.08266667    -0.01512248                         0.07652131
    SCEL8_2_4_1_1_1_0/12          1      0.37500000          0.01110598                     0.07372609    0.00304430                          0.06776168
    SCEL8_4_1_2_0_0_0/0           1      0.87500000          -0.04831645                    0.00963867    -0.04620452                         0.01044400
    SCEL8_4_1_2_0_0_0/1           1      0.75000000          -0.05693116                    0.02369786    -0.05876598                         0.02323781
    SCEL8_4_1_2_0_0_0/2           1      0.50000000          -0.02160682                    0.07390750    -0.02535788                         0.06969771
    SCEL8_4_1_2_0_0_0/3           1      0.37500000          0.00467473                     0.06904882    0.00559823                          0.06961909
    SCEL8_4_1_2_0_0_0/4           1      0.62500000          -0.07140336                    0.02735365    -0.06479974                         0.03073502
    SCEL8_4_1_2_0_0_0/5           1      0.25000000          0.01787590                     0.05275410    0.02257819                          0.05834382
    SCEL8_4_1_2_0_0_0/6           1      0.75000000          -0.04067241                    0.03298857    -0.04867857                         0.02900205
    SCEL8_4_1_2_0_0_0/7           1      0.62500000          -0.05866086                    0.03519519    -0.06295668                         0.03186921
    SCEL8_4_1_2_0_0_0/8           1      0.62500000          -0.05999086                    0.03437673    -0.06128843                         0.03289582
    SCEL8_4_1_2_0_0_0/9           1      0.50000000          -0.03339057                    0.06605167    -0.03347662                         0.06428522
    SCEL8_4_1_2_0_0_0/10          1      0.62500000          -0.05036961                    0.04029750    -0.04699269                         0.04169320
    SCEL8_4_1_2_0_0_0/11          1      0.37500000          -0.00056527                    0.06523791    -0.00419947                         0.06249349
    SCEL8_4_1_2_0_0_0/12          1      0.50000000          -0.02819307                    0.06951667    -0.02927727                         0.06708478
    SCEL8_4_1_2_0_0_0/13          1      0.62500000          -0.01319961                    0.06317135    -0.02218090                         0.05696199
    SCEL8_4_1_2_0_0_0/14          1      0.37500000          -0.00941527                    0.05880155    -0.00715648                         0.06034293
    SCEL8_4_1_2_0_0_0/15          1      0.50000000          -0.03476682                    0.06513417    -0.03437372                         0.06368715
    SCEL8_4_1_2_0_0_0/16          1      0.37500000          -0.00538402                    0.06173336    -0.01239852                         0.05653054
    SCEL8_4_1_2_0_0_0/17          1      0.25000000          0.02044615                     0.05481030    0.01560118                          0.05276221
    SCEL8_4_1_2_0_0_0/18          1      0.37500000          0.00093223                     0.06632700    -0.00121320                         0.06466532
    SCEL8_4_1_2_0_0_0/19          1      0.12500000          0.03082419                     0.03117273    0.02941530                          0.03554708
    SCEL8_4_1_2_0_0_0/20          1      0.50000000          -0.02775682                    0.06980750    -0.02414313                         0.07050755
    SCEL8_4_1_2_0_0_1/0           1      0.87500000          -0.05163645                    0.00786800    -0.06229978                         0.00185986
    SCEL8_4_1_2_0_0_1/1           1      0.75000000          -0.09509491                    0.00189000    -0.09393415                         0.00314171
    SCEL8_4_1_2_0_0_1/2           1      0.62500000          -0.08946961                    0.01623596    -0.08045571                         0.02110057
    SCEL8_4_1_2_0_0_1/3           1      0.50000000          -0.03468182                    0.06519083    -0.03183491                         0.06537969
    SCEL8_4_1_2_0_0_1/4           1      0.37500000          0.00561098                     0.06972973    0.00649327                          0.07027003
    SCEL8_4_1_2_0_0_1/5           1      0.62500000          -0.09955211                    0.01003135    -0.08874219                         0.01600120
    SCEL8_4_1_2_0_0_1/6           1      0.37500000          -0.02879402                    0.04470791    -0.02210120                         0.04947405
    SCEL8_4_1_2_0_0_1/7           1      0.50000000          -0.03032432                    0.06809583    -0.03262145                         0.06485533
    SCEL8_4_1_2_0_0_1/8           1      0.37500000          0.00154723                     0.06677427    -0.00003527                         0.06552200
    SCEL8_4_1_2_0_0_1/9           1      0.25000000          0.01642940                     0.05159690    0.02126458                          0.05729293
    SCEL8_4_1_2_0_0_1/10          1      0.12500000          0.01897007                     0.02063573    0.02262106                          0.02950775
    SCEL8_4_1_2_0_0_1/11          1      0.50000000          -0.04578307                    0.05779000    -0.04920764                         0.05379787
    SCEL8_4_1_2_0_0_1/12          1      0.50000000          -0.08039307                    0.03471667    -0.08050932                         0.03293008
    SCEL8_4_1_2_0_0_1/13          1      0.37500000          -0.03951277                    0.03691245    -0.05305656                         0.02696106
    SCEL8_4_1_2_0_0_1/14          1      0.62500000          -0.07043086                    0.02795212    -0.06480253                         0.03073330
    SCEL8_4_1_2_0_0_1/15          1      0.62500000          -0.02229211                    0.05757596    -0.02103091                         0.05766968
    SCEL8_4_1_2_0_1_0/0           1      0.87500000          -0.03982520                    0.01416733    -0.04153232                         0.01293585
    SCEL8_4_1_2_0_1_0/1           1      0.75000000          -0.03187116                    0.03801786    -0.02984887                         0.03976187
    SCEL8_4_1_2_0_1_0/2           1      0.50000000          -0.02172557                    0.07382833    -0.01908715                         0.07387820
    SCEL8_4_1_2_0_1_0/3           1      0.37500000          -0.00636527                    0.06101973    -0.00399786                         0.06264011
    SCEL8_4_1_2_0_1_0/4           1      0.75000000          -0.03972491                    0.03353000    -0.04878884                         0.02893903
    SCEL8_4_1_2_0_1_0/5           1      0.37500000          0.01252848                     0.07476064    0.00906189                          0.07213811
    SCEL8_4_1_2_0_1_0/6           1      0.25000000          0.02028340                     0.05468010    0.02111518                          0.05717341
    SCEL8_4_1_2_0_1_0/7           1      0.25000000          0.03276665                     0.06466670    0.03457840                          0.06794399
    SCEL8_4_1_2_0_1_0/8           1      0.12500000          0.03436332                     0.03431862    0.03222967                          0.03804874
    SCEL8_4_1_2_0_1_0/9           1      0.62500000          0.00119539                     0.07202981    -0.00445610                         0.06786956
    SCEL8_4_1_2_0_1_0/10          1      0.75000000          -0.06421866                    0.01953357    -0.06690424                         0.01858738
    SCEL8_4_1_2_0_1_0/11          1      0.62500000          -0.03376211                    0.05051750    -0.03558051                         0.04871608
    SCEL8_4_1_2_0_1_0/12          1      0.50000000          -0.03335057                    0.06607833    -0.03214536                         0.06517272
    SCEL8_4_1_2_0_1_0/13          1      0.50000000          0.00284818                     0.09021083    0.00513740                          0.09002789
    SCEL8_4_1_2_0_1_0/14          1      0.62500000          -0.06895336                    0.02886135    -0.06444388                         0.03095401
    SCEL8_4_1_2_0_1_0/15          1      0.62500000          -0.06235836                    0.03291981    -0.06354804                         0.03150529
    SCEL8_4_1_2_0_1_0/16          1      0.50000000          -0.02707307                    0.07026333    -0.02433912                         0.07037688
    SCEL8_4_1_2_0_1_0/17          1      0.37500000          -0.00326777                    0.06327245    -0.00381415                         0.06277372
    SCEL8_4_1_2_0_1_0/18          1      0.62500000          -0.06930961                    0.02864212    -0.05824490                         0.03476876
    SCEL8_4_1_2_0_1_0/19          1      0.50000000          -0.02054807                    0.07461333    -0.02869594                         0.06747233
    SCEL8_4_1_2_0_1_0/20          1      0.50000000          -0.03239807                    0.06671333    -0.03730439                         0.06173337
    SCEL8_4_1_2_0_1_0/21          1      0.37500000          0.00246473                     0.06744155    0.00184327                          0.06688821
    SCEL8_4_1_2_0_1_0/22          1      0.37500000          0.00293098                     0.06778064    -0.00664751                         0.06071309
    SCEL8_4_1_2_0_1_0/23          1      0.25000000          0.01531365                     0.05070430    0.00496892                          0.04425640
    SCEL8_4_1_2_0_1_2/0           1      0.87500000          -0.06357395                    0.00150133    -0.06319265                         0.00138367
    SCEL8_4_1_2_0_1_2/1           1      0.75000000          -0.07842116                    0.01141786    -0.07827791                         0.01208814
    SCEL8_4_1_2_0_1_2/2           1      0.50000000          -0.07271557                    0.03983500    -0.06534450                         0.04303996
    SCEL8_4_1_2_0_1_2/3           1      0.37500000          0.00672598                     0.07054064    0.00579957                          0.06976552
    SCEL8_4_1_2_0_1_2/4           1      0.75000000          -0.09263866                    0.00329357    -0.09528848                         0.00236781
    SCEL8_4_1_2_0_1_2/5           1      0.37500000          -0.04610027                    0.03212155    -0.04660979                         0.03164962
    SCEL8_4_1_2_0_1_2/6           1      0.25000000          0.02245915                     0.05642070    0.02685359                          0.06176414
    SCEL8_4_1_2_0_1_2/7           1      0.25000000          -0.01144798                    0.02929500    -0.00985078                         0.03240064
    SCEL8_4_1_2_0_1_2/8           1      0.12500000          0.02722382                     0.02797240    0.03093673                          0.03689946
    SCEL8_4_1_2_0_1_2/9           1      0.62500000          -0.07727586                    0.02373981    -0.07685785                         0.02331464
    SCEL8_4_1_2_0_1_2/10          1      0.75000000          -0.07642241                    0.01256000    -0.07622512                         0.01326116
    SCEL8_4_1_2_0_1_2/11          1      0.62500000          -0.07212711                    0.02690827    -0.06909364                         0.02809262
    SCEL8_4_1_2_0_1_2/12          1      0.50000000          -0.05267057                    0.05319833    -0.05085660                         0.05269856
    SCEL8_4_1_2_0_1_2/13          1      0.50000000          -0.04222307                    0.06016333    -0.04005381                         0.05990042
    SCEL8_4_1_2_0_1_2/14          1      0.62500000          -0.06875461                    0.02898365    -0.07046017                         0.02725167
    SCEL8_4_1_2_0_1_2/15          1      0.62500000          -0.08646336                    0.01808596    -0.08562127                         0.01792177
    SCEL8_4_1_2_0_1_2/16          1      0.50000000          -0.04022932                    0.06149250    -0.04093211                         0.05931489
    SCEL8_4_1_2_0_1_2/17          1      0.37500000          -0.00830527                    0.05960882    -0.00428542                         0.06243098
    SCEL8_4_1_2_0_1_2/18          1      0.62500000          -0.09191461                    0.01473135    -0.08639899                         0.01744317
    SCEL8_4_1_2_0_1_2/19          1      0.50000000          -0.04811682                    0.05623417    -0.05108531                         0.05254609
    SCEL8_4_1_2_0_1_2/20          1      0.50000000          -0.05434932                    0.05207917    -0.05316811                         0.05115756
    SCEL8_4_1_2_0_1_2/21          1      0.37500000          -0.01208402                    0.05686064    -0.01314153                         0.05599017
    SCEL8_4_1_2_0_1_2/22          1      0.37500000          -0.01294777                    0.05623245    -0.01841544                         0.05215460
    SCEL8_4_1_2_0_1_2/23          1      0.25000000          0.01919390                     0.05380850    0.02087967                          0.05698500
    SCEL8_4_2_1_0_0_2/0           1      0.87500000          -0.03183395                    0.01842933    -0.03409967                         0.01689993
    SCEL8_4_2_1_0_0_2/1           1      0.75000000          -0.05320116                    0.02582929    -0.04324836                         0.03210502
    SCEL8_4_2_1_0_0_2/2           1      0.62500000          -0.06147461                    0.03346365    -0.05865941                         0.03451368
    SCEL8_4_2_1_0_0_2/3           1      0.50000000          -0.02818307                    0.06952333    -0.03112286                         0.06585439
    SCEL8_4_2_1_0_0_2/4           1      0.37500000          -0.00724902                    0.06037700    -0.00694887                         0.06049392
    SCEL8_4_2_1_0_0_2/5           1      0.62500000          -0.03911961                    0.04722058    -0.03179541                         0.05104538
    SCEL8_4_2_1_0_0_2/6           1      0.37500000          -0.00268277                    0.06369791    -0.00636557                         0.06091814
    SCEL8_4_2_1_0_0_2/7           1      0.50000000          -0.03217432                    0.06686250    -0.03156427                         0.06556011
    SCEL8_4_2_1_0_0_2/8           1      0.37500000          -0.00937152                    0.05883336    -0.01075900                         0.05772292
    SCEL8_4_2_1_0_0_2/9           1      0.25000000          0.01662402                     0.05175260    0.01688871                          0.05379224
    SCEL8_4_2_1_0_0_2/10          1      0.12500000          0.03101557                     0.03134284    0.02827956                          0.03453753
    SCEL8_4_2_1_0_0_2/11          1      0.50000000          -0.02064682                    0.07454750    -0.02200012                         0.07193621
    SCEL8_4_2_1_0_0_2/12          1      0.50000000          -0.04111557                    0.06090167    -0.04242816                         0.05831752
    SCEL8_4_2_1_0_0_2/13          1      0.37500000          -0.00475277                    0.06219245    -0.00867297                         0.05924003
    SCEL8_4_2_1_0_0_2/14          1      0.62500000          -0.04251586                    0.04513058    -0.04572464                         0.04247354
    SCEL8_4_2_1_0_0_2/15          1      0.62500000          -0.04780961                    0.04187288    -0.04779374                         0.04120025
    SCEL8_4_2_1_1_2_0/0           1      0.87500000          -0.06638895                    0.00000000    -0.06345311                         0.00124476
    SCEL8_4_2_1_1_2_0/1           1      0.75000000          -0.03826241                    0.03436571    -0.04438153                         0.03145750
    SCEL8_4_2_1_1_2_0/2           1      0.62500000          -0.06092336                    0.03380288    -0.06604041                         0.02997152
    SCEL8_4_2_1_1_2_0/3           1      0.75000000          -0.09840241                    0.00000000    -0.09791446                         0.00086725
    SCEL8_4_2_1_1_2_0/4           1      0.62500000          -0.07517086                    0.02503519    -0.07709966                         0.02316583
    SCEL8_4_2_1_1_2_0/5           1      0.62500000          -0.02691336                    0.05473212    -0.02491047                         0.05528226
    SCEL8_4_2_1_1_2_0/6           1      0.50000000          -0.02949432                    0.06864917    -0.03455334                         0.06356740
    SCEL8_4_2_1_1_2_0/7           1      0.62500000          -0.08444461                    0.01932827    -0.08480274                         0.01842548
    SCEL8_4_2_1_1_2_0/8           1      0.37500000          -0.00202152                    0.06417882    -0.00740712                         0.06016065
    SCEL8_4_2_1_1_2_0/9           1      0.50000000          -0.03431557                    0.06543500    -0.04043023                         0.05964948
    SCEL8_4_2_1_1_2_0/10          1      0.37500000          0.00090973                     0.06631064    -0.00292191                         0.06342262
    SCEL8_4_2_1_1_2_0/11          1      0.50000000          -0.03272557                    0.06649500    -0.03588594                         0.06267900
    SCEL8_4_2_1_1_2_0/12          1      0.37500000          -0.02917152                    0.04443336    -0.02716797                         0.04578912
    SCEL8_4_2_1_1_2_0/13          1      0.25000000          -0.00988373                    0.03054640    -0.00671818                         0.03490673
    SCEL8_4_2_1_1_2_0/14          1      0.37500000          0.00472223                     0.06908336    0.00819018                          0.07150414
    SCEL8_4_2_1_1_2_0/15          1      0.12500000          0.02881632                     0.02938796    0.02661031                          0.03305375
    SCEL8_4_2_1_1_2_0/16          1      0.50000000          -0.03121182                    0.06750417    -0.03676969                         0.06208984
    SCEL8_4_2_1_1_2_0/17          1      0.25000000          0.02930577                     0.06189800    0.03499931                          0.06828071
    SCEL8_4_2_1_1_3_1/0           1      0.87500000          -0.05002270                    0.00872867    -0.04857315                         0.00918073
    SCEL8_4_2_1_1_3_1/1           1      0.75000000          -0.08250616                    0.00908357    -0.07979807                         0.01121947
    SCEL8_4_2_1_1_3_1/2           1      0.75000000          -0.03239491                    0.03771857    -0.02466526                         0.04272394
    SCEL8_4_2_1_1_3_1/3           1      0.62500000          -0.06874086                    0.02899212    -0.06411065                         0.03115907
    SCEL8_4_2_1_1_3_1/4           1      0.62500000          -0.04152336                    0.04574135    -0.03986701                         0.04607824
    SCEL8_4_2_1_1_3_1/5           1      0.50000000          -0.03322432                    0.06616250    -0.03314182                         0.06450842
    SCEL8_4_2_1_1_3_1/6           1      0.62500000          -0.06715086                    0.02997058    -0.06927249                         0.02798256
    SCEL8_4_2_1_1_3_1/7           1      0.62500000          -0.00729711                    0.06680365    -0.00333485                         0.06855956
    SCEL8_4_2_1_1_3_1/8           1      0.50000000          -0.01622557                    0.07749500    -0.02028516                         0.07307952
    SCEL8_4_2_1_1_3_1/9           1      0.50000000          -0.01911307                    0.07557000    -0.01938014                         0.07368287
    SCEL8_4_2_1_1_3_1/10          1      0.37500000          0.00260473                     0.06754336    0.00236121                          0.06726489
    SCEL8_4_2_1_1_3_1/11          1      0.50000000          -0.05655182                    0.05061083    -0.05985572                         0.04669915
    SCEL8_4_2_1_1_3_1/12          1      0.37500000          -0.01184027                    0.05703791    -0.01387074                         0.05545984
    SCEL8_4_2_1_1_3_1/13          1      0.37500000          0.00970348                     0.07270609    0.00331585                          0.06795917
    SCEL8_4_2_1_1_3_1/14          1      0.25000000          0.01648952                     0.05164500    0.02487420                          0.06018063
    SCEL8_4_2_1_1_3_1/15          1      0.37500000          -0.02165027                    0.04990336    -0.01880918                         0.05186825
    SCEL8_4_2_1_1_3_1/16          1      0.25000000          -0.01196723                    0.02887960    -0.00805564                         0.03383676
    SCEL8_4_2_1_1_3_1/17          1      0.12500000          0.01794319                     0.01972296    0.02452871                          0.03120344
    SCEL8_4_2_1_1_3_2/0           1      0.87500000          -0.02581145                    0.02164133    -0.01944147                         0.02471763
    SCEL8_4_2_1_1_3_2/1           1      0.75000000          -0.04642241                    0.02970286    -0.04170384                         0.03298760
    SCEL8_4_2_1_1_3_2/2           1      0.62500000          -0.00346711                    0.06916058    -0.00005046                         0.07058073
    SCEL8_4_2_1_1_3_2/3           1      0.50000000          -0.03204932                    0.06694583    -0.03025687                         0.06643172
    SCEL8_4_2_1_1_3_2/4           1      0.37500000          -0.01386902                    0.05556245    -0.00694603                         0.06049599
    SCEL8_4_2_1_1_3_2/5           1      0.62500000          -0.07188336                    0.02705827    -0.07544595                         0.02418350
    SCEL8_4_2_1_1_3_2/6           1      0.37500000          -0.03066402                    0.04334791    -0.02700687                         0.04590629
    SCEL8_4_2_1_1_3_2/7           1      0.50000000          0.00604568                     0.09234250    0.00448747                          0.08959461
    SCEL8_4_2_1_1_3_2/8           1      0.37500000          -0.02090527                    0.05044518    -0.02362447                         0.04836621
    SCEL8_4_2_1_1_3_2/9           1      0.25000000          -0.02255148                    0.02041220    -0.02568929                         0.01972984
    SCEL8_4_2_1_1_3_2/10          1      0.12500000          -0.00185156                    0.00212762    -0.00746462                         0.00276492
    SCEL8_4_2_1_1_3_2/11          1      0.50000000          -0.05859557                    0.04924833    -0.05804557                         0.04790592
    SCEL8_4_2_1_1_3_2/12          1      0.50000000          -0.03365057                    0.06587833    -0.03745148                         0.06163531
    SCEL8_4_2_1_1_3_2/13          1      0.37500000          -0.06552652                    0.01799336    -0.06600051                         0.01754728
    SCEL8_4_2_1_1_3_2/14          1      0.62500000          -0.03460336                    0.04999981    -0.03634832                         0.04824358
    SCEL8_4_2_1_1_3_2/15          1      0.62500000          -0.00394711                    0.06886519    -0.00547296                         0.06724380
    SCEL8_8_1_1_0_0_3/0           1      0.87500000          -0.03100020                    0.01887400    -0.03547963                         0.01616395
    SCEL8_8_1_1_0_0_3/1           1      0.75000000          -0.04648491                    0.02966714    -0.04470826                         0.03127079
    SCEL8_8_1_1_0_0_3/2           1      0.75000000          -0.07951741                    0.01079143    -0.07283518                         0.01519827
    SCEL8_8_1_1_0_0_3/3           1      0.62500000          -0.04139461                    0.04582058    -0.04314200                         0.04406286
    SCEL8_8_1_1_0_0_3/4           1      0.62500000          -0.06613586                    0.03059519    -0.06316422                         0.03174149
    SCEL8_8_1_1_0_0_3/5           1      0.50000000          -0.03359807                    0.06591333    -0.03221965                         0.06512319
    SCEL8_8_1_1_0_0_3/6           1      0.62500000          -0.03855461                    0.04756827    -0.03187534                         0.05099619
    SCEL8_8_1_1_0_0_3/7           1      0.62500000          -0.04832086                    0.04155827    -0.04859496                         0.04070719
    SCEL8_8_1_1_0_0_3/8           1      0.50000000          -0.02755682                    0.06994083    -0.03070399                         0.06613364
    SCEL8_8_1_1_0_0_3/9           1      0.50000000          -0.04138932                    0.06071917    -0.04470764                         0.05679787
    SCEL8_8_1_1_0_0_3/10          1      0.37500000          -0.01114277                    0.05754518    -0.00953748                         0.05861130
    SCEL8_8_1_1_0_0_3/11          1      0.50000000          -0.02029807                    0.07478000    -0.01888289                         0.07401437
    SCEL8_8_1_1_0_0_3/12          1      0.37500000          -0.00078777                    0.06507609    -0.00373496                         0.06283132
    SCEL8_8_1_1_0_0_3/13          1      0.37500000          -0.00813277                    0.05973427    -0.00817416                         0.05960280
    SCEL8_8_1_1_0_0_3/14          1      0.25000000          0.01588440                     0.05116090    0.01918636                          0.05563035
    SCEL8_8_1_1_0_0_3/15          1      0.37500000          -0.00154152                    0.06452791    -0.00514547                         0.06180549
    SCEL8_8_1_1_0_0_3/16          1      0.25000000          0.00862652                     0.04535460    0.01080775                          0.04892747
    SCEL8_8_1_1_0_0_3/17          1      0.12500000          0.03024907                     0.03066151    0.03007840                          0.03613650
    SCEL8_8_1_1_0_0_5/0           1      0.87500000          -0.02549020                    0.02181267    -0.03223871                         0.01789244
    SCEL8_8_1_1_0_0_5/1           1      0.75000000          -0.04420616                    0.03096929    -0.03480839                         0.03692786
    SCEL8_8_1_1_0_0_5/2           1      0.75000000          -0.04988116                    0.02772643    -0.05294532                         0.02656390
    SCEL8_8_1_1_0_0_5/3           1      0.62500000          -0.01369461                    0.06286673    -0.01607396                         0.06072011
    SCEL8_8_1_1_0_0_5/4           1      0.62500000          -0.06506086                    0.03125673    -0.04873369                         0.04062181
    SCEL8_8_1_1_0_0_5/5           1      0.50000000          -0.01143307                    0.08069000    -0.01286264                         0.07802787
    SCEL8_8_1_1_0_0_5/6           1      0.62500000          -0.03856961                    0.04755904    -0.03890129                         0.04667252
    SCEL8_8_1_1_0_0_5/7           1      0.62500000          -0.05307086                    0.03863519    -0.04610840                         0.04223738
    SCEL8_8_1_1_0_0_5/8           1      0.50000000          -0.02150307                    0.07397667    -0.01829227                         0.07440812
    SCEL8_8_1_1_0_0_5/9           1      0.50000000          -0.03831307                    0.06277000    -0.04145512                         0.05896622
    SCEL8_8_1_1_0_0_5/10          1      0.37500000          0.00255223                     0.06750518    0.00164389                          0.06674320
    SCEL8_8_1_1_0_0_5/11          1      0.50000000          0.00583318                     0.09220083    0.00862064                          0.09235006
    SCEL8_8_1_1_0_0_5/12          1      0.37500000          0.01634473                     0.07753609    0.01905991                          0.07940940
    SCEL8_8_1_1_0_0_5/13          1      0.37500000          -0.00295527                    0.06349973    -0.00201368                         0.06408315
    SCEL8_8_1_1_0_0_5/14          1      0.25000000          0.02832002                     0.06110940    0.03068482                          0.06482913
    SCEL8_8_1_1_0_0_5/15          1      0.37500000          0.00690848                     0.07067336    0.00634041                          0.07015885
    SCEL8_8_1_1_0_0_5/16          1      0.25000000          0.02471502                     0.05822540    0.02810909                          0.06276854
    SCEL8_8_1_1_0_0_5/17          1      0.12500000          0.03461219                     0.03453984    0.03738483                          0.04263110
    SCEL8_8_1_1_0_0_6/0           1      0.87500000          -0.05387020                    0.00667667    -0.04625333                         0.01041797
    SCEL8_8_1_1_0_0_6/1           1      0.75000000          -0.04327991                    0.03149857    -0.03732311                         0.03549088
    SCEL8_8_1_1_0_0_6/2           1      0.50000000          -0.06510182                    0.04491083    -0.06609463                         0.04253987
    SCEL8_8_1_1_0_0_6/3           1      0.37500000          -0.00502527                    0.06199427    -0.00720430                         0.06030816
    SCEL8_8_1_1_0_0_6/4           1      0.75000000          -0.04645491                    0.02968429    -0.05696932                         0.02426447
    SCEL8_8_1_1_0_0_6/5           1      0.37500000          -0.03203277                    0.04235245    -0.03681272                         0.03877476
    SCEL8_8_1_1_0_0_6/6           1      0.25000000          0.00829440                     0.04508890    0.01145926                          0.04944867
    SCEL8_8_1_1_0_0_6/7           1      0.25000000          0.00642302                     0.04359180    0.00288693                          0.04259081
    SCEL8_8_1_1_0_0_6/8           1      0.12500000          0.02783219                     0.02851318    0.02790850                          0.03420770
    SCEL8_8_1_1_0_0_6/9           1      0.62500000          -0.01521336                    0.06193212    -0.02070595                         0.05786965
    SCEL8_8_1_1_0_0_6/10          1      0.75000000          -0.07408241                    0.01389714    -0.08416059                         0.00872660
    SCEL8_8_1_1_0_0_6/11          1      0.62500000          -0.04460711                    0.04384365    -0.04930889                         0.04026784
    SCEL8_8_1_1_0_0_6/12          1      0.50000000          -0.04624307                    0.05748333    -0.04361256                         0.05752792
    SCEL8_8_1_1_0_0_6/13          1      0.50000000          -0.00679432                    0.08378250    -0.00493521                         0.08331282
    SCEL8_8_1_1_0_0_6/14          1      0.62500000          -0.07253336                    0.02665827    -0.07041690                         0.02727830
    SCEL8_8_1_1_0_0_6/15          1      0.62500000          -0.07109461                    0.02754365    -0.06487918                         0.03068613
    SCEL8_8_1_1_0_0_6/16          1      0.50000000          -0.03504432                    0.06494917    -0.03353398                         0.06424698
    SCEL8_8_1_1_0_0_6/17          1      0.37500000          -0.00144527                    0.06459791    -0.00222204                         0.06393162
    SCEL8_8_1_1_0_0_6/18          1      0.62500000          -0.09107336                    0.01524904    -0.09001642                         0.01521706
    SCEL8_8_1_1_0_0_6/19          1      0.50000000          -0.04104932                    0.06094583    -0.04310234                         0.05786807
    SCEL8_8_1_1_0_0_6/20          1      0.50000000          -0.05125807                    0.05414000    -0.04679811                         0.05540422
    SCEL8_8_1_1_0_0_6/21          1      0.37500000          -0.01478152                    0.05489882    -0.01295486                         0.05612593
    SCEL8_8_1_1_0_0_6/22          1      0.37500000          -0.00835277                    0.05957427    -0.01148297                         0.05719640
    SCEL8_8_1_1_0_0_6/23          1      0.25000000          0.01229902                     0.04829260    0.01500462                          0.05228496
    SCEL8_8_1_1_0_0_7/0           1      0.87500000          -0.02811895                    0.02041067    -0.01977691                         0.02453873
    SCEL8_8_1_1_0_0_7/1           1      0.75000000          -0.00612991                    0.05272714    -0.00779824                         0.05236224
    SCEL8_8_1_1_0_0_7/2           1      0.50000000          -0.00971807                    0.08183333    -0.01785863                         0.07469721
    SCEL8_8_1_1_0_0_7/3           1      0.37500000          0.00137098                     0.06664609    0.00281938                          0.06759810
    SCEL8_8_1_1_0_0_7/4           1      0.75000000          -0.02825866                    0.04008214    -0.02457508                         0.04277547
    SCEL8_8_1_1_0_0_7/5           1      0.37500000          0.01931348                     0.07969518    0.01984772                          0.07998235
    SCEL8_8_1_1_0_0_7/6           1      0.25000000          0.01835327                     0.05313600    0.02015918                          0.05640861
    SCEL8_8_1_1_0_0_7/7           1      0.25000000          0.02475590                     0.05825810    0.02668888                          0.06163237
    SCEL8_8_1_1_0_0_7/8           1      0.12500000          0.03102832                     0.03135418    0.02763016                          0.03396028
    SCEL8_8_1_1_0_0_7/9           1      0.62500000          -0.00743961                    0.06671596    -0.00699967                         0.06630429
    SCEL8_8_1_1_0_0_7/10          1      0.75000000          -0.05751366                    0.02336500    -0.04713524                         0.02988394
    SCEL8_8_1_1_0_0_7/11          1      0.62500000          -0.00778586                    0.06650288    -0.01092067                         0.06389137
    SCEL8_8_1_1_0_0_7/12          1      0.50000000          0.01167943                     0.09609833    0.00854857                          0.09230201
    SCEL8_8_1_1_0_0_7/13          1      0.50000000          0.00020943                     0.08845167    0.00411356                          0.08934534
    SCEL8_8_1_1_0_0_7/14          1      0.62500000          -0.01634586                    0.06123519    -0.02449933                         0.05553527
    SCEL8_8_1_1_0_0_7/15          1      0.62500000          -0.01002086                    0.06512750    -0.01987240                         0.05838261
    SCEL8_8_1_1_0_0_7/16          1      0.50000000          0.00094443                     0.08894167    -0.00546366                         0.08296052
    SCEL8_8_1_1_0_0_7/17          1      0.37500000          0.01967973                     0.07996155    0.01504282                          0.07648788
    SCEL8_8_1_1_0_0_7/18          1      0.62500000          -0.05356836                    0.03832904    -0.05574895                         0.03630473
    SCEL8_8_1_1_0_0_7/19          1      0.50000000          -0.02822557                    0.06949500    -0.03235871                         0.06503049
    SCEL8_8_1_1_0_0_7/20          1      0.50000000          -0.01536557                    0.07806833    -0.01487593                         0.07668567
    SCEL8_8_1_1_0_0_7/21          1      0.37500000          -0.00576527                    0.06145609    -0.00300838                         0.06335974
    SCEL8_8_1_1_0_0_7/22          1      0.37500000          -0.00074777                    0.06510518    0.00050522                          0.06591508
    SCEL8_8_1_1_0_0_7/23          1      0.25000000          0.00813565                     0.04496190    0.01247170                          0.05025863
    SCEL8_8_1_1_0_1_0/0           1      0.87500000          -0.03359020                    0.01749267    -0.03368486                         0.01712116
    SCEL8_8_1_1_0_1_0/1           1      0.75000000          -0.02798241                    0.04024000    -0.02506043                         0.04249813
    SCEL8_8_1_1_0_1_0/2           1      0.50000000          -0.04328557                    0.05945500    -0.04786479                         0.05469311
    SCEL8_8_1_1_0_1_0/3           1      0.37500000          -0.00052152                    0.06526973    0.00291155                          0.06766514
    SCEL8_8_1_1_0_1_0/4           1      0.75000000          -0.03013491                    0.03901000    -0.03275444                         0.03810155
    SCEL8_8_1_1_0_1_0/5           1      0.37500000          -0.02978777                    0.04398518    -0.03159872                         0.04256676
    SCEL8_8_1_1_0_1_0/6           1      0.25000000          0.00507965                     0.04251710    0.00413485                          0.04358915
    SCEL8_8_1_1_0_1_0/7           1      0.25000000          -0.01766935                    0.02431790    -0.01916565                         0.02494875
    SCEL8_8_1_1_0_1_0/8           1      0.12500000          0.01656069                     0.01849407    0.01161106                          0.01972108
    SCEL8_8_1_1_0_1_0/9           1      0.62500000          -0.01479836                    0.06218750    -0.01392988                         0.06203954
    SCEL8_8_1_1_0_1_0/10          1      0.75000000          -0.07263116                    0.01472643    -0.06693730                         0.01856849
    SCEL8_8_1_1_0_1_0/11          1      0.62500000          -0.02944461                    0.05317442    -0.03033213                         0.05194585
    SCEL8_8_1_1_0_1_0/12          1      0.50000000          -0.02030057                    0.07477833    -0.02373777                         0.07077778
    SCEL8_8_1_1_0_1_0/13          1      0.50000000          -0.01202557                    0.08029500    -0.01070352                         0.07946728
    SCEL8_8_1_1_0_1_0/14          1      0.62500000          -0.05126086                    0.03974904    -0.04963334                         0.04006818
    SCEL8_8_1_1_0_1_0/15          1      0.62500000          -0.03656086                    0.04879519    -0.02969975                         0.05233501
    SCEL8_8_1_1_0_1_0/16          1      0.50000000          -0.01269932                    0.07984583    -0.01050554                         0.07959927
    SCEL8_8_1_1_0_1_0/17          1      0.37500000          0.01338973                     0.07538700    0.00680737                          0.07049846
    SCEL8_8_1_1_0_1_0/18          1      0.62500000          -0.06813711                    0.02936365    -0.07003819                         0.02751135
    SCEL8_8_1_1_0_1_0/19          1      0.50000000          -0.03938557                    0.06205500    -0.04605827                         0.05589745
    SCEL8_8_1_1_0_1_0/20          1      0.50000000          -0.04000182                    0.06164417    -0.03483291                         0.06338102
    SCEL8_8_1_1_0_1_0/21          1      0.37500000          -0.02614902                    0.04663155    -0.02306427                         0.04877363
    SCEL8_8_1_1_0_1_0/22          1      0.37500000          -0.01450277                    0.05510155    -0.01499080                         0.05464525
    SCEL8_8_1_1_0_1_0/23          1      0.25000000          0.00507290                     0.04251170    0.00500901                          0.04428847
    SCEL8_8_1_1_0_4_3/0           1      0.87500000          -0.02237520                    0.02347400    -0.01795081                         0.02551265
    SCEL8_8_1_1_0_4_3/1           1      0.75000000          -0.03980616                    0.03348357    -0.03914086                         0.03445216
    SCEL8_8_1_1_0_4_3/2           1      0.75000000          0.00223884                     0.05750929    0.00042147                          0.05705921
    SCEL8_8_1_1_0_4_3/3           1      0.62500000          -0.03323586                    0.05084135    -0.03509985                         0.04901187
    SCEL8_8_1_1_0_4_3/4           1      0.62500000          -0.02069086                    0.05856135    -0.02741776                         0.05373931
    SCEL8_8_1_1_0_4_3/5           1      0.50000000          -0.04321432                    0.05950250    -0.04331004                         0.05772960
    SCEL8_8_1_1_0_4_3/6           1      0.62500000          -0.02857461                    0.05370981    -0.03527600                         0.04890347
    SCEL8_8_1_1_0_4_3/7           1      0.62500000          0.00118789                     0.07202519    -0.00112820                         0.06991750
    SCEL8_8_1_1_0_4_3/8           1      0.50000000          -0.02668682                    0.07052083    -0.02525813                         0.06976421
    SCEL8_8_1_1_0_4_3/9           1      0.50000000          -0.01054307                    0.08128333    -0.01074753                         0.07943794
    SCEL8_8_1_1_0_4_3/10          1      0.37500000          -0.02703402                    0.04598791    -0.02911393                         0.04437388
    SCEL8_8_1_1_0_4_3/11          1      0.50000000          -0.02515182                    0.07154417    -0.03281309                         0.06472757
    SCEL8_8_1_1_0_4_3/12          1      0.37500000          -0.04446152                    0.03331336    -0.04349741                         0.03391317
    SCEL8_8_1_1_0_4_3/13          1      0.37500000          -0.01178027                    0.05708155    -0.00301961                         0.06335157
    SCEL8_8_1_1_0_4_3/14          1      0.25000000          -0.02029610                    0.02221650    -0.01825479                         0.02567744
    SCEL8_8_1_1_0_4_3/15          1      0.37500000          -0.02968027                    0.04406336    -0.02635290                         0.04638190
    SCEL8_8_1_1_0_4_3/16          1      0.25000000          -0.03751285                    0.00844310    -0.03617354                         0.01134244
    SCEL8_8_1_1_0_4_3/17          1      0.12500000          0.00144107                     0.00505440    -0.00395654                         0.00588322
    SCEL8_8_1_1_0_5_2/0           1      0.87500000          -0.04476770                    0.01153133    -0.05050007                         0.00815305
    SCEL8_8_1_1_0_5_2/1           1      0.75000000          -0.06473116                    0.01924071    -0.06508321                         0.01962797
    SCEL8_8_1_1_0_5_2/2           1      0.50000000          -0.08382057                    0.03243167    -0.08502287                         0.02992105
    SCEL8_8_1_1_0_5_2/3           1      0.37500000          -0.02992527                    0.04388518    -0.02173699                         0.04973893
    SCEL8_8_1_1_0_5_2/4           1      0.75000000          -0.07010866                    0.01616786    -0.06433716                         0.02005428
    SCEL8_8_1_1_0_5_2/5           1      0.37500000          -0.05192777                    0.02788336    -0.05614653                         0.02471380
    SCEL8_8_1_1_0_5_2/6           1      0.25000000          -0.00608498                    0.03358540    -0.00761145                         0.03419211
    SCEL8_8_1_1_0_5_2/7           1      0.25000000          -0.02112823                    0.02155080    -0.01820743                         0.02571533
    SCEL8_8_1_1_0_5_2/8           1      0.12500000          0.00802969                     0.01091096    0.00577954                          0.01453751
    SCEL8_8_1_1_0_5_2/9           1      0.62500000          -0.04191336                    0.04550135    -0.03926517                         0.04644860
    SCEL8_8_1_1_0_5_2/10          1      0.75000000          -0.09387741                    0.00258571    -0.09784936                         0.00090445
    SCEL8_8_1_1_0_5_2/11          1      0.62500000          -0.08330086                    0.02003212    -0.07796444                         0.02263366
    SCEL8_8_1_1_0_5_2/12          1      0.50000000          -0.08410057                    0.03224500    -0.08756602                         0.02822562
    SCEL8_8_1_1_0_5_2/13          1      0.50000000          -0.02483057                    0.07175833    -0.02893635                         0.06731206
    SCEL8_8_1_1_0_5_2/14          1      0.62500000          -0.01862461                    0.05983288    -0.02759085                         0.05363279
    SCEL8_8_1_1_0_5_2/15          1      0.50000000          -0.02897557                    0.06899500    -0.02887123                         0.06735548
    SCEL8_8_1_1_0_5_2/16          1      0.37500000          -0.00942277                    0.05879609    -0.01373617                         0.05555771
    SCEL8_8_1_1_0_5_2/17          1      0.62500000          -0.10870961                    0.00439596    -0.10340981                         0.00697497
    SCEL8_8_1_1_0_5_2/18          1      0.50000000          -0.05992807                    0.04836000    -0.06592453                         0.04265328
    SCEL8_8_1_1_0_5_2/19          1      0.50000000          -0.06007557                    0.04826167    -0.05744071                         0.04830915
    SCEL8_8_1_1_0_5_2/20          1      0.37500000          -0.02121777                    0.05021791    -0.01992681                         0.05105542
    SCEL8_8_1_1_0_5_2/21          1      0.37500000          -0.06577777                    0.01781064    -0.06842983                         0.01578050
    SCEL8_8_1_1_0_5_2/22          1      0.25000000          -0.00996698                    0.03047980    -0.00717556                         0.03454082
