#                  name    selected         comp(a)    formation_energy    hull_dist(MASTER,atom_frac)        clex()    clex_hull_dist(MASTER,atom_frac)
    SCEL1_1_1_1_0_0_0/0           1      1.00000000          0.00000000                     0.00000000    0.00123626                          0.00000000
    SCEL1_1_1_1_0_0_0/1           1      0.00000000          0.03957646                     0.00000000    0.03891806                          0.00000000
    SCEL2_2_1_1_0_0_1/0           1      0.50000000          -0.01383632                    0.07908783    -0.00814804                         0.08299027
    SCEL2_2_1_1_0_1_1/0           1      0.50000000          -0.03327882                    0.06612617    -0.02635858                         0.07084991
    SCEL3_3_1_1_0_0_2/0           1      0.66666667          -0.06338554                    0.02815750    -0.06299681                         0.02853189
    SCEL3_3_1_1_0_0_2/1           1      0.33333333          0.02390491                     0.07507906    0.01409535                          0.06774137
    SCEL3_3_1_1_0_2_1/0           1      0.66666667          -0.10334154                    0.00418390    -0.10356555                         0.00419064
    SCEL3_3_1_1_0_2_1/1           1      0.33333333          -0.04529576                    0.02317856    -0.04448463                         0.02380639
    SCEL3_3_1_1_0_2_2/0           1      0.66666667          0.01616612                     0.07588850    0.01071242                          0.07275742
    SCEL3_3_1_1_0_2_2/1           1      0.33333333          0.01525024                     0.06858806    -0.00475413                         0.05360426
    SCEL4_2_2_1_0_1_0/0           1      0.75000000          -0.08184416                    0.00946186    -0.07991393                         0.01094790
    SCEL4_2_2_1_0_1_0/1           1      0.25000000          0.00283177                     0.04071880    0.00085905                          0.03910563
    SCEL4_2_2_1_1_1_0/0           1      0.75000000          0.04062359                     0.07944343    0.04505924                          0.08236114
    SCEL4_2_2_1_1_1_0/1           1      0.25000000          -0.03132248                    0.01339540    -0.03109611                         0.01354151
    SCEL4_4_1_1_0_0_0/0           1      0.75000000          -0.03514166                    0.03614900    -0.03256981                         0.03800168
    SCEL4_4_1_1_0_0_0/1           1      0.50000000          0.02063093                     0.10206600    0.03031024                          0.10862913
    SCEL4_4_1_1_0_0_0/2           1      0.25000000          0.02262802                     0.05655580    0.01953808                          0.05404885
    SCEL4_4_1_1_0_0_2/0           1      0.75000000          -0.09671416                    0.00096471    -0.09625215                         0.00161177
    SCEL4_4_1_1_0_0_2/1           1      0.50000000          -0.04330832                    0.05943983    -0.04469074                         0.05862848
    SCEL4_4_1_1_0_0_2/2           1      0.25000000          0.01807152                     0.05291060    0.01060787                          0.04690468
    SCEL4_4_1_1_0_0_3/0           1      0.75000000          -0.01988016                    0.04486986    -0.04449110                         0.03118952
    SCEL4_4_1_1_0_0_3/1           1      0.50000000          -0.01958857                    0.07525300    -0.01805877                         0.07638312
    SCEL4_4_1_1_0_0_3/2           1      0.25000000          0.01329377                     0.04908840    0.02707522                          0.06007857
    SCEL4_4_1_1_0_1_0/0           1      0.75000000          -0.05279891                    0.02605914    -0.05255557                         0.02658124
    SCEL4_4_1_1_0_1_0/1           1      0.50000000          -0.02725232                    0.07014383    -0.04673230                         0.05726743
    SCEL4_4_1_1_0_1_0/2           1      0.25000000          0.00992627                     0.04639440    -0.00958741                         0.03074846
    SCEL4_4_1_1_0_2_1/0           1      0.75000000          -0.04620766                    0.02982557    -0.04633630                         0.03013511
    SCEL4_4_1_1_0_2_1/1           1      0.50000000          -0.13246807                    0.00000000    -0.13263345                         0.00000000
    SCEL4_4_1_1_0_2_1/2           1      0.25000000          -0.04806673                    0.00000000    -0.04802299                         0.00000000
    SCEL5_1_1_5_0_0_0/0           1      0.80000000          -0.00600593                    0.04578589    -0.01280743                         0.04218094
    SCEL5_1_1_5_0_0_0/1           1      0.60000000          0.00576515                     0.07808825    0.01194049                          0.08207740
    SCEL5_1_1_5_0_0_0/2           1      0.60000000          -0.00874985                    0.06901638    0.00164806                          0.07564463
    SCEL5_1_1_5_0_0_0/3           1      0.40000000          -0.00212398                    0.06898825    -0.01040330                         0.06313283
    SCEL5_1_1_5_0_0_0/4           1      0.40000000          0.02927302                     0.09141468    0.05261430                          0.10814541
    SCEL5_1_1_5_0_0_0/5           1      0.20000000          0.02443009                     0.04580682    0.02335138                          0.04498847
    SCEL5_5_1_1_0_0_3/0           1      0.80000000          -0.05791073                    0.01694989    -0.06097392                         0.01542178
    SCEL5_5_1_1_0_0_3/1           1      0.60000000          -0.08757945                    0.01974788    -0.08498532                         0.02149877
    SCEL5_5_1_1_0_0_3/2           1      0.60000000          -0.05363025                    0.04096612    -0.05400769                         0.04085979
    SCEL5_5_1_1_0_0_3/3           1      0.40000000          -0.02531138                    0.05242582    -0.03179002                         0.04785660
    SCEL5_5_1_1_0_0_3/4           1      0.40000000          0.00539222                     0.07435696    -0.02108027                         0.05550642
    SCEL5_5_1_1_0_0_3/5           1      0.20000000          0.03095969                     0.05124815    0.03268516                          0.05276662
    SCEL5_5_1_1_0_0_4/0           1      0.80000000          -0.04938953                    0.02168389    -0.04699244                         0.02318927
    SCEL5_5_1_1_0_0_4/1           1      0.60000000          -0.04730905                    0.04491688    -0.05810249                         0.03830054
    SCEL5_5_1_1_0_0_4/2           1      0.60000000          0.00802395                     0.07950000    -0.03160025                         0.05486444
    SCEL5_5_1_1_0_0_4/3           1      0.40000000          0.01721022                     0.08279839    -0.02313107                         0.05404157
    SCEL5_5_1_1_0_0_4/4           1      0.40000000          -0.01058398                    0.06294539    -0.01078178                         0.06286249
    SCEL5_5_1_1_0_0_4/5           1      0.20000000          0.02557549                     0.04676132    0.01633380                          0.03914048
    SCEL5_5_1_1_0_1_3/0           1      0.80000000          -0.07895133                    0.00526067    -0.08039522                         0.00463217
    SCEL5_5_1_1_0_1_3/1           1      0.60000000          -0.10494705                    0.00889313    -0.10424424                         0.00946195
    SCEL5_5_1_1_0_1_3/2           1      0.40000000          -0.05736098                    0.02953325    -0.06549403                         0.02378231
    SCEL5_5_1_1_0_1_3/3           1      0.20000000          -0.00083071                    0.02475615    0.00464156                          0.02939695
    SCEL5_5_1_1_0_4_3/0           1      0.80000000          -0.04813633                    0.02238011    -0.04623888                         0.02360791
    SCEL5_5_1_1_0_4_3/1           1      0.60000000          -0.04979265                    0.04336463    -0.05543845                         0.03996557
    SCEL5_5_1_1_0_4_3/2           1      0.60000000          -0.01327965                    0.06618525    -0.01342121                         0.06622634
    SCEL5_5_1_1_0_4_3/3           1      0.40000000          -0.01999398                    0.05622396    -0.02261134                         0.05441280
    SCEL5_5_1_1_0_4_3/4           1      0.40000000          0.00087202                     0.07112825    -0.01386317                         0.06066150
    SCEL5_5_1_1_0_4_3/5           1      0.20000000          -0.00893691                    0.01800098    -0.00631738                         0.02026450
    SCEL6_2_3_1_0_1_0/0           1      0.83333333          -0.04912427                    0.01780455    -0.05120064                         0.01671240
    SCEL6_2_3_1_0_1_0/1           1      0.66666667          -0.07678388                    0.02011850    -0.07475851                         0.02147487
    SCEL6_2_3_1_0_1_0/2           1      0.66666667          -0.06121288                    0.02946110    -0.06182312                         0.02923610
    SCEL6_2_3_1_0_1_0/3           1      0.50000000          -0.03806665                    0.06293428    -0.02804025                         0.06972880
    SCEL6_2_3_1_0_1_0/4           1      0.50000000          -0.01601665                    0.07763428    -0.02822302                         0.06960695
    SCEL6_2_3_1_0_1_0/5           1      0.33333333          0.01214624                     0.06626006    0.00287692                          0.05932755
    SCEL6_2_3_1_0_1_0/6           1      0.33333333          0.01073974                     0.06520519    0.01942535                          0.07173887
    SCEL6_2_3_1_0_1_0/7           1      0.16666667          0.02731914                     0.03957554    0.03379512                          0.04528951
    SCEL6_3_1_2_0_0_0/0           1      0.83333333          -0.05407094                    0.01510636    -0.05445983                         0.01493466
    SCEL6_3_1_2_0_0_0/1           1      0.66666667          -0.06642321                    0.02633490    -0.06308907                         0.02847653
    SCEL6_3_1_2_0_0_0/2           1      0.66666667          -0.07682738                    0.02009240    -0.07663133                         0.02035118
    SCEL6_3_1_2_0_0_0/3           1      0.50000000          -0.02988432                    0.06838917    -0.04201172                         0.06041449
    SCEL6_3_1_2_0_0_0/4           1      0.50000000          -0.01606932                    0.07759917    -0.02282278                         0.07320712
    SCEL6_3_1_2_0_0_0/5           1      0.33333333          0.01611758                     0.06923856    -0.00095718                         0.05645197
    SCEL6_3_1_2_0_0_0/6           1      0.33333333          0.00728758                     0.06261606    0.00115671                          0.05803739
    SCEL6_3_1_2_0_0_0/7           1      0.16666667          0.02043280                     0.03367297    0.02105395                          0.03436851
    SCEL6_3_1_2_0_0_2/0           1      0.83333333          -0.03561761                    0.02517182    -0.04161635                         0.02194019
    SCEL6_3_1_2_0_0_2/1           1      0.66666667          -0.04343854                    0.04012570    -0.03782100                         0.04363737
    SCEL6_3_1_2_0_0_2/2           1      0.66666667          -0.07089354                    0.02365270    -0.06867252                         0.02512646
    SCEL6_3_1_2_0_0_2/3           1      0.50000000          -0.03339648                    0.06604772    -0.05109050                         0.05436197
    SCEL6_3_1_2_0_0_2/4           1      0.50000000          -0.02155865                    0.07393961    -0.03301139                         0.06641471
    SCEL6_3_1_2_0_0_2/5           1      0.33333333          -0.00026876                    0.05694881    -0.00393126                         0.05422142
    SCEL6_3_1_2_0_0_2/6           1      0.33333333          0.00115391                     0.05801581    -0.00194887                         0.05570820
    SCEL6_3_1_2_0_0_2/7           1      0.16666667          0.03145880                     0.04312383    0.03738384                          0.04836555
    SCEL6_3_1_2_0_2_2/0           1      0.83333333          -0.05600094                    0.01405364    -0.05811278                         0.01294214
    SCEL6_3_1_2_0_2_2/1           1      0.66666667          -0.03127454                    0.04742410    -0.02443119                         0.05167126
    SCEL6_3_1_2_0_2_2/2           1      0.66666667          -0.08244638                    0.01672100    -0.08174089                         0.01728544
    SCEL6_3_1_2_0_2_2/3           1      0.50000000          -0.01858665                    0.07592094    -0.03538723                         0.06483082
    SCEL6_3_1_2_0_2_2/4           1      0.50000000          -0.05919848                    0.04884639    -0.04426393                         0.05891302
    SCEL6_3_1_2_0_2_2/5           1      0.33333333          0.00801041                     0.06315819    0.00044800                          0.05750586
    SCEL6_3_1_2_0_2_2/6           1      0.33333333          0.00128258                     0.05811231    0.00326132                          0.05961585
    SCEL6_3_1_2_0_2_2/7           1      0.16666667          0.02327364                     0.03610797    0.02101860                          0.03433821
    SCEL6_3_2_1_0_1_2/0           1      0.83333333          -0.08176594                    0.00000000    -0.08184004                         0.00000000
    SCEL6_3_2_1_0_1_2/1           1      0.66666667          -0.09343504                    0.01012780    -0.09363705                         0.01014774
    SCEL6_3_2_1_0_1_2/2           1      0.66666667          -0.10043638                    0.00592700    -0.10081393                         0.00584161
    SCEL6_3_2_1_0_1_2/3           1      0.50000000          -0.09215315                    0.02687661    -0.09296997                         0.02644232
    SCEL6_3_2_1_0_1_2/4           1      0.50000000          -0.06639898                    0.04404606    -0.06668086                         0.04396839
    SCEL6_3_2_1_0_1_2/5           1      0.33333333          -0.02479859                    0.03855144    -0.02654498                         0.03726113
    SCEL6_3_2_1_0_1_2/6           1      0.33333333          0.02339608                     0.07469744    -0.00465129                         0.05368139
    SCEL6_3_2_1_0_1_2/7           1      0.16666667          0.02266314                     0.03558469    0.02397800                          0.03687483
    SCEL6_6_1_1_0_0_5/0           1      0.83333333          -0.03063261                    0.02789091    -0.03123061                         0.02760514
    SCEL6_6_1_1_0_0_5/1           1      0.66666667          -0.00735371                    0.06177660    -0.02125264                         0.05357839
    SCEL6_6_1_1_0_0_5/2           1      0.66666667          -0.01088104                    0.05966020    -0.03026675                         0.04816992
    SCEL6_6_1_1_0_0_5/3           1      0.50000000          0.00710035                     0.09304561    -0.00956552                         0.08204529
    SCEL6_6_1_1_0_0_5/4           1      0.50000000          -0.01647348                    0.07732972    -0.02219458                         0.07362591
    SCEL6_6_1_1_0_0_5/5           1      0.33333333          -0.00494959                    0.05343819    0.00115708                          0.05803767
    SCEL6_6_1_1_0_0_5/6           1      0.33333333          0.00779724                     0.06299831    0.00804090                          0.06320053
    SCEL6_6_1_1_0_0_5/7           1      0.16666667          0.02534814                     0.03788611    0.02782156                          0.04016931
    SCEL6_6_1_1_0_1_0/0           1      0.83333333          -0.04652594                    0.01922182    -0.04921174                         0.01779725
    SCEL6_6_1_1_0_1_0/1           1      0.66666667          -0.03865471                    0.04299600    -0.03129795                         0.04755120
    SCEL6_6_1_1_0_1_0/2           1      0.66666667          -0.03811871                    0.04331760    -0.03879502                         0.04305296
    SCEL6_6_1_1_0_1_0/3           1      0.50000000          0.00404135                     0.09100628    0.00566117                          0.09219641
    SCEL6_6_1_1_0_1_0/4           1      0.50000000          -0.05217715                    0.05352728    -0.05164610                         0.05399157
    SCEL6_6_1_1_0_1_0/5           1      0.33333333          -0.01424092                    0.04646969    -0.00075350                         0.05660474
    SCEL6_6_1_1_0_1_0/6           1      0.33333333          0.00070091                     0.05767606    -0.00346191                         0.05457343
    SCEL6_6_1_1_0_1_0/7           1      0.16666667          0.00860480                     0.02353469    0.00791772                          0.02310888
    SCEL6_6_1_1_0_1_4/0           1      0.83333333          -0.06497761                    0.00915727    -0.06391026                         0.00977988
    SCEL6_6_1_1_0_1_4/1           1      0.66666667          -0.10374004                    0.00394480    -0.10294838                         0.00456094
    SCEL6_6_1_1_0_1_4/2           1      0.66666667          -0.03099054                    0.04759450    -0.03834176                         0.04332491
    SCEL6_6_1_1_0_1_4/3           1      0.50000000          -0.03437648                    0.06539439    -0.04293663                         0.05979788
    SCEL6_6_1_1_0_1_4/4           1      0.50000000          -0.05885382                    0.04907617    -0.07604052                         0.03772862
    SCEL6_6_1_1_0_1_4/5           1      0.33333333          0.01465508                     0.06814169    -0.01400793                         0.04666391
    SCEL6_6_1_1_0_1_4/6           1      0.33333333          -0.02924159                    0.03521919    -0.03018327                         0.03453240
    SCEL6_6_1_1_0_1_4/7           1      0.16666667          0.00958664                     0.02437626    0.00882989                          0.02389074
    SCEL6_6_1_1_0_3_2/0           1      0.83333333          -0.03228927                    0.02698727    -0.02782071                         0.02946509
    SCEL6_6_1_1_0_3_2/1           1      0.66666667          -0.04955971                    0.03645300    -0.05523876                         0.03318671
    SCEL6_6_1_1_0_3_2/2           1      0.66666667          -0.00624138                    0.06244400    -0.00368874                         0.06411673
    SCEL6_6_1_1_0_3_2/3           1      0.50000000          -0.05969965                    0.04851228    -0.05808258                         0.04970058
    SCEL6_6_1_1_0_3_2/4           1      0.50000000          -0.02704648                    0.07028106    -0.02629642                         0.07089136
    SCEL6_6_1_1_0_3_2/5           1      0.33333333          -0.04561542                    0.02293881    -0.04327970                         0.02471008
    SCEL6_6_1_1_0_3_2/6           1      0.33333333          -0.03310309                    0.03232306    -0.02509983                         0.03834498
    SCEL6_6_1_1_0_3_2/7           1      0.16666667          -0.00387353                    0.01283897    -0.00385324                         0.01301949
    SCEL6_6_1_1_0_5_5/0           1      0.83333333          -0.01697261                    0.03534182    -0.01301291                         0.03754207
    SCEL6_6_1_1_0_5_5/1           1      0.66666667          0.00419896                     0.06870820    0.00732156                          0.07072291
    SCEL6_6_1_1_0_5_5/2           1      0.66666667          -0.02852254                    0.04907530    -0.02221119                         0.05300326
    SCEL6_6_1_1_0_5_5/3           1      0.50000000          0.00178652                     0.08950306    0.01991963                          0.10170206
    SCEL6_6_1_1_0_5_5/4           1      0.50000000          0.00978552                     0.09483572    0.01004483                          0.09511886
    SCEL6_6_1_1_0_5_5/5           1      0.33333333          0.02821958                     0.07831506    0.04518718                          0.09106024
    SCEL6_6_1_1_0_5_5/6           1      0.33333333          0.00408524                     0.06021431    0.00164086                          0.05840050
    SCEL6_6_1_1_0_5_5/7           1      0.16666667          0.02723197                     0.03950083    0.02339974                          0.03637918
    SCEL7_7_1_1_0_0_0/0           1      0.85714286          -0.00972695                    0.03405885    -0.01097731                         0.03301022
    SCEL7_7_1_1_0_0_0/1           1      0.71428571          -0.01015661                    0.05473333    -0.01402029                         0.05262839
    SCEL7_7_1_1_0_0_0/2           1      0.71428571          -0.00757232                    0.05624083    -0.00957500                         0.05522147
    SCEL7_7_1_1_0_0_0/3           1      0.57142857          -0.01032484                    0.07168568    -0.01215398                         0.07064598
    SCEL7_7_1_1_0_0_0/4           1      0.42857143          0.01702007                     0.08776142    0.01310029                          0.08509153
    SCEL7_7_1_1_0_0_0/5           1      0.57142857          -0.00357913                    0.07597841    0.00099790                          0.07901536
    SCEL7_7_1_1_0_0_0/6           1      0.57142857          0.01384516                     0.08706659    0.02217241                          0.09249005
    SCEL7_7_1_1_0_0_0/7           1      0.42857143          0.01795249                     0.08841412    0.02425048                          0.09289666
    SCEL7_7_1_1_0_0_0/8           1      0.42857143          -0.00961008                    0.06912032    -0.01496195                         0.06544796
    SCEL7_7_1_1_0_0_0/9           1      0.28571429          0.02026698                     0.06252636    0.00912713                          0.05385125
    SCEL7_7_1_1_0_0_0/10          1      0.42857143          0.00700992                     0.08075432    0.01822419                          0.08867826
    SCEL7_7_1_1_0_0_0/11          1      0.28571429          0.03101383                     0.07088503    0.04210923                          0.07950400
    SCEL7_7_1_1_0_0_0/12          1      0.28571429          0.00936540                     0.05404736    0.00692139                          0.05213568
    SCEL7_7_1_1_0_0_0/13          1      0.14285714          0.02947217                     0.03498034    0.02561664                          0.03183178
    SCEL7_7_1_1_0_0_0/14          1      0.71428571          -0.00393804                    0.05836083    0.00426987                          0.06329765
    SCEL7_7_1_1_0_0_0/15          1      0.57142857          0.01775230                     0.08955295    0.01972882                          0.09093503
    SCEL7_7_1_1_0_0_6/0           1      0.85714286          -0.02357552                    0.02660192    -0.02733553                         0.02420194
    SCEL7_7_1_1_0_0_6/1           1      0.71428571          -0.03759375                    0.03872833    -0.03557157                         0.04005681
    SCEL7_7_1_1_0_0_6/2           1      0.71428571          -0.01295518                    0.05310083    -0.01290570                         0.05327856
    SCEL7_7_1_1_0_0_6/3           1      0.42857143          0.00949792                     0.08249592    -0.01959326                         0.06220605
    SCEL7_7_1_1_0_0_6/4           1      0.57142857          -0.00930341                    0.07233568    -0.00533005                         0.07498848
    SCEL7_7_1_1_0_0_6/5           1      0.57142857          -0.03906484                    0.05339659    -0.03144065                         0.05837265
    SCEL7_7_1_1_0_0_6/6           1      0.42857143          -0.01127422                    0.06795542    -0.01154702                         0.06783841
    SCEL7_7_1_1_0_0_6/7           1      0.42857143          0.01468321                     0.08612562    -0.00099206                         0.07522688
    SCEL7_7_1_1_0_0_6/8           1      0.28571429          0.01757540                     0.06043292    0.00160155                          0.04799802
    SCEL7_7_1_1_0_0_6/9           1      0.42857143          0.00130878                     0.07676352    0.00159885                          0.07704052
    SCEL7_7_1_1_0_0_6/10          1      0.28571429          0.00500569                     0.05065647    0.01168574                          0.05584128
    SCEL7_7_1_1_0_0_6/11          1      0.14285714          0.02826731                     0.03392609    0.02866373                          0.03449798
    SCEL7_7_1_1_0_0_6/12          1      0.71428571          -0.04289232                    0.03563750    -0.05316516                         0.02979388
    SCEL7_7_1_1_0_0_6/13          1      0.57142857          -0.03736199                    0.05448023    -0.04457284                         0.05001580
    SCEL7_7_1_1_0_2_4/0           1      0.85714286          -0.04904552                    0.01288731    -0.05332199                         0.01020924
    SCEL7_7_1_1_0_2_4/1           1      0.71428571          -0.07829232                    0.01498750    -0.07470969                         0.01722624
    SCEL7_7_1_1_0_2_4/2           1      0.71428571          -0.07435518                    0.01728417    -0.07326660                         0.01806804
    SCEL7_7_1_1_0_2_4/3           1      0.57142857          -0.06074341                    0.03960114    -0.06092984                         0.03960680
    SCEL7_7_1_1_0_2_4/4           1      0.42857143          -0.04208536                    0.04638762    -0.04972209                         0.04111586
    SCEL7_7_1_1_0_2_4/5           1      0.57142857          -0.05752913                    0.04164659    -0.06402227                         0.03763889
    SCEL7_7_1_1_0_2_4/6           1      0.57142857          -0.09726484                    0.01636023    -0.09577548                         0.01743230
    SCEL7_7_1_1_0_2_4/7           1      0.42857143          -0.04075665                    0.04731772    -0.05050439                         0.04056825
    SCEL7_7_1_1_0_2_4/8           1      0.42857143          -0.00811579                    0.07016632    -0.02692789                         0.05707180
    SCEL7_7_1_1_0_2_4/9           1      0.28571429          -0.00890645                    0.03983592    -0.02122499                         0.03024405
    SCEL7_7_1_1_0_2_4/10          1      0.42857143          -0.08340893                    0.01746112    -0.08094797                         0.01925775
    SCEL7_7_1_1_0_2_4/11          1      0.28571429          -0.04770345                    0.00966047    -0.04618616                         0.01082981
    SCEL7_7_1_1_0_2_4/12          1      0.28571429          -0.00258288                    0.04475425    -0.00683901                         0.04143315
    SCEL7_7_1_1_0_2_4/13          1      0.14285714          0.00621931                     0.01463409    0.00626694                          0.01490080
    SCEL7_7_1_1_0_2_4/14          1      0.71428571          -0.07388232                    0.01756000    -0.07274199                         0.01837406
    SCEL7_7_1_1_0_2_4/15          1      0.57142857          -0.06047627                    0.03977114    -0.06921159                         0.03433660
    SCEL7_7_1_1_0_3_5/0           1      0.85714286          -0.06911838                    0.00207885    -0.07047749                         0.00097166
    SCEL7_7_1_1_0_3_5/1           1      0.71428571          -0.09473518                    0.00539583    -0.09489577                         0.00545102
    SCEL7_7_1_1_0_3_5/2           1      0.57142857          -0.08366341                    0.02501568    -0.08534542                         0.02406961
    SCEL7_7_1_1_0_3_5/3           1      0.57142857          -0.07941199                    0.02772114    -0.07712187                         0.02930278
    SCEL7_7_1_1_0_3_5/4           1      0.42857143          -0.04739308                    0.04267222    -0.04621112                         0.04357354
    SCEL7_7_1_1_0_3_5/5           1      0.42857143          -0.02272965                    0.05993663    -0.04297359                         0.04583981
    SCEL7_7_1_1_0_3_5/6           1      0.28571429          0.00703840                     0.05223747    0.00064553                          0.04725445
    SCEL7_7_1_1_0_3_5/7           1      0.14285714          0.03597203                     0.04066771    0.03583003                          0.04076850
    SCEL7_7_1_1_0_3_6/0           1      0.85714286          -0.06136409                    0.00625423    -0.05859032                         0.00737245
    SCEL7_7_1_1_0_3_6/1           1      0.71428571          -0.03709518                    0.03901917    -0.04614966                         0.03388625
    SCEL7_7_1_1_0_3_6/2           1      0.71428571          -0.10398518                    0.00000000    -0.10424038                         0.00000000
    SCEL7_7_1_1_0_3_6/3           1      0.57142857          -0.06650199                    0.03593659    -0.06581489                         0.03649813
    SCEL7_7_1_1_0_3_6/4           1      0.42857143          -0.01517193                    0.06522702    -0.01132573                         0.06799331
    SCEL7_7_1_1_0_3_6/5           1      0.57142857          -0.06898199                    0.03435841    -0.06800261                         0.03510595
    SCEL7_7_1_1_0_3_6/6           1      0.57142857          -0.07355484                    0.03144841    -0.06876902                         0.03461823
    SCEL7_7_1_1_0_3_6/7           1      0.42857143          -0.01935236                    0.06230072    -0.02850746                         0.05596610
    SCEL7_7_1_1_0_3_6/8           1      0.42857143          -0.04129408                    0.04694152    -0.04424764                         0.04494797
    SCEL7_7_1_1_0_3_6/9           1      0.28571429          0.00935312                     0.05403781    0.00390447                          0.04978918
    SCEL7_7_1_1_0_3_6/10          1      0.42857143          -0.02956779                    0.05514992    -0.03380891                         0.05225509
    SCEL7_7_1_1_0_3_6/11          1      0.28571429          0.01062426                     0.05502647    0.01832224                          0.06100301
    SCEL7_7_1_1_0_3_6/12          1      0.28571429          -0.00505617                    0.04283058    -0.01634812                         0.03403717
    SCEL7_7_1_1_0_3_6/13          1      0.14285714          0.02375574                     0.02997846    0.02675167                          0.03282494
    SCEL7_7_1_1_0_3_6/14          1      0.71428571          -0.06194375                    0.02452417    -0.06745866                         0.02145600
    SCEL7_7_1_1_0_3_6/15          1      0.57142857          -0.01410913                    0.06927750    -0.02176421                         0.06453038
    SCEL7_7_1_1_0_6_4/0           1      0.85714286          -0.03055409                    0.02284423    -0.03512233                         0.02000905
    SCEL7_7_1_1_0_6_4/1           1      0.71428571          -0.04214090                    0.03607583    -0.04129227                         0.03671973
    SCEL7_7_1_1_0_6_4/2           1      0.71428571          -0.02919518                    0.04362750    -0.02708600                         0.04500672
    SCEL7_7_1_1_0_6_4/3           1      0.57142857          -0.04523484                    0.04947023    -0.05537793                         0.04313983
    SCEL7_7_1_1_0_6_4/4           1      0.42857143          -0.00541351                    0.07205792    -0.00868154                         0.06984425
    SCEL7_7_1_1_0_6_4/5           1      0.57142857          -0.00293913                    0.07638568    -0.01568939                         0.06839618
    SCEL7_7_1_1_0_6_4/6           1      0.57142857          -0.04533341                    0.04940750    -0.05944573                         0.04055123
    SCEL7_7_1_1_0_6_4/7           1      0.42857143          -0.00032379                    0.07562073    -0.01833084                         0.06308974
    SCEL7_7_1_1_0_6_4/8           1      0.42857143          -0.00954136                    0.06916842    -0.03019937                         0.05478176
    SCEL7_7_1_1_0_6_4/9           1      0.28571429          0.02220869                     0.06403658    0.01460019                          0.05810808
    SCEL7_7_1_1_0_6_4/10          1      0.42857143          -0.00051808                    0.07548472    -0.02389123                         0.05919746
    SCEL7_7_1_1_0_6_4/11          1      0.28571429          0.03175455                     0.07146114    0.02993759                          0.07003716
    SCEL7_7_1_1_0_6_4/12          1      0.28571429          0.01027740                     0.05475669    -0.00506377                         0.04281389
    SCEL7_7_1_1_0_6_4/13          1      0.14285714          0.03148060                     0.03673771    0.03963349                          0.04409652
    SCEL7_7_1_1_0_6_4/14          1      0.71428571          -0.08457232                    0.01132417    -0.08411649                         0.01173894
    SCEL7_7_1_1_0_6_4/15          1      0.57142857          -0.03574056                    0.05551205    -0.03613891                         0.05538284
    SCEL7_7_1_1_0_6_5/0           1      0.85714286          -0.04049981                    0.01748885    -0.04089689                         0.01689968
    SCEL7_7_1_1_0_6_5/1           1      0.71428571          -0.03080232                    0.04269000    -0.03144697                         0.04246282
    SCEL7_7_1_1_0_6_5/2           1      0.71428571          -0.03953090                    0.03759833    -0.03515535                         0.04029960
    SCEL7_7_1_1_0_6_5/3           1      0.57142857          -0.03011342                    0.05909295    -0.03053120                         0.05895139
    SCEL7_7_1_1_0_6_5/4           1      0.42857143          -0.01573622                    0.06483202    -0.02001758                         0.06190902
    SCEL7_7_1_1_0_6_5/5           1      0.57142857          -0.01149341                    0.07094205    -0.00990388                         0.07207786
    SCEL7_7_1_1_0_6_5/6           1      0.57142857          -0.07060056                    0.03332841    -0.07507611                         0.03060462
    SCEL7_7_1_1_0_6_5/7           1      0.42857143          -0.02273222                    0.05993482    -0.02580053                         0.05786095
    SCEL7_7_1_1_0_6_5/8           1      0.42857143          0.00546392                     0.07967212    0.01037242                          0.08318202
    SCEL7_7_1_1_0_6_5/9           1      0.28571429          -0.00708274                    0.04125436    -0.00434691                         0.04337145
    SCEL7_7_1_1_0_6_5/10          1      0.42857143          -0.03900993                    0.04854043    -0.04229083                         0.04631774
    SCEL7_7_1_1_0_6_5/11          1      0.28571429          -0.01032188                    0.03873503    -0.02038588                         0.03089669
    SCEL7_7_1_1_0_6_5/12          1      0.28571429          0.00193483                     0.04826803    0.01042986                          0.05486449
    SCEL7_7_1_1_0_6_5/13          1      0.14285714          0.01237017                     0.02001609    0.01246647                          0.02032538
    SCEL7_7_1_1_0_6_5/14          1      0.71428571          -0.07894090                    0.01460917    -0.07549198                         0.01676990
    SCEL7_7_1_1_0_6_5/15          1      0.57142857          -0.04837627                    0.04747114    -0.03730580                         0.05464028
    SCEL8_1_1_8_0_0_0/0           1      0.87500000          -0.01058020                    0.02976467    -0.00945061                         0.02968686
    SCEL8_1_1_8_0_0_0/1           1      0.75000000          0.00163884                     0.05716643    -0.00398749                         0.05433443
    SCEL8_1_1_8_0_0_0/2           1      0.50000000          0.01585568                     0.09888250    0.02040730                          0.10202717
    SCEL8_1_1_8_0_0_0/3           1      0.37500000          -0.00488277                    0.06209791    -0.00535900                         0.06179580
    SCEL8_1_1_8_0_0_0/4           1      0.75000000          -0.01721116                    0.04639500    -0.01013316                         0.05082262
    SCEL8_1_1_8_0_0_0/5           1      0.37500000          0.01136723                     0.07391609    0.01890136                          0.07943970
    SCEL8_1_1_8_0_0_0/6           1      0.25000000          0.01381890                     0.04950850    0.00901141                          0.04562752
    SCEL8_1_1_8_0_0_0/7           1      0.25000000          0.03338202                     0.06515900    0.04171033                          0.07178666
    SCEL8_1_1_8_0_0_0/8           1      0.12500000          0.03178469                     0.03202651    0.02727932                          0.02829492
    SCEL8_1_1_8_0_0_0/9           1      0.75000000          -0.00074741                    0.05580286    0.00389067                          0.05883624
    SCEL8_1_1_8_0_0_0/10          1      0.62500000          0.00063914                     0.07168750    -0.00426404                         0.06880418
    SCEL8_1_1_8_0_0_0/11          1      0.50000000          0.00171943                     0.08945833    -0.00266233                         0.08664742
    SCEL8_1_1_8_0_0_0/12          1      0.50000000          0.00881568                     0.09418917    0.00373126                          0.09090981
    SCEL8_1_1_8_0_0_0/13          1      0.62500000          -0.00453836                    0.06850135    0.00100392                          0.07204600
    SCEL8_1_1_8_0_0_0/14          1      0.62500000          -0.02915586                    0.05335212    -0.02324803                         0.05712172
    SCEL8_1_1_8_0_0_0/15          1      0.50000000          0.00076443                     0.08882167    0.00285355                          0.09032467
    SCEL8_1_1_8_0_0_0/16          1      0.37500000          0.00449973                     0.06892155    -0.00828486                         0.05966790
    SCEL8_1_1_8_0_0_0/17          1      0.62500000          0.00485164                     0.07427981    0.01764582                          0.08228717
    SCEL8_1_1_8_0_0_0/18          1      0.50000000          0.02321943                     0.10379167    0.03499153                          0.11174999
    SCEL8_1_1_8_0_0_0/19          1      0.50000000          -0.00530932                    0.08477250    0.00114125                          0.08918313
    SCEL8_1_1_8_0_0_0/20          1      0.37500000          0.02028598                     0.08040245    0.02413518                          0.08324611
    SCEL8_1_1_8_0_0_0/21          1      0.37500000          0.02273473                     0.08218336    0.02705787                          0.08537170
    SCEL8_1_1_8_0_0_0/22          1      0.25000000          0.02130252                     0.05549540    0.01281181                          0.04866784
    SCEL8_2_2_2_0_0_0/0           1      0.87500000          -0.04463270                    0.01160333    -0.04532515                         0.01055378
    SCEL8_2_2_2_0_0_0/1           1      0.62500000          -0.07666961                    0.02411288    -0.08059041                         0.02183410
    SCEL8_2_2_2_0_0_0/2           1      0.50000000          -0.01010432                    0.08157583    -0.03254454                         0.06672594
    SCEL8_2_2_2_0_0_0/3           1      0.37500000          -0.00494527                    0.06205245    -0.01284637                         0.05635044
    SCEL8_2_2_2_0_0_0/4           1      0.50000000          -0.03823057                    0.06282500    -0.05462174                         0.05200781
    SCEL8_2_2_2_0_0_0/5           1      0.62500000          -0.02757211                    0.05432673    -0.03069774                         0.05253728
    SCEL8_2_2_2_0_0_0/6           1      0.37500000          -0.02307402                    0.04886791    -0.04141787                         0.03557117
    SCEL8_2_2_2_0_0_0/7           1      0.12500000          0.01653294                     0.01846940    0.01751073                          0.01961173
    SCEL8_2_4_1_0_1_1/0           1      0.87500000          -0.04835895                    0.00961600    -0.04761529                         0.00933237
    SCEL8_2_4_1_0_1_1/1           1      0.75000000          -0.04654491                    0.02963286    -0.04860931                         0.02883625
    SCEL8_2_4_1_0_1_1/2           1      0.50000000          -0.03633057                    0.06409167    -0.02949646                         0.06875800
    SCEL8_2_4_1_0_1_1/3           1      0.37500000          -0.00978277                    0.05853427    -0.01094296                         0.05773474
    SCEL8_2_4_1_0_1_1/4           1      0.75000000          -0.09124241                    0.00409143    -0.09140826                         0.00437971
    SCEL8_2_4_1_0_1_1/5           1      0.37500000          -0.00327527                    0.06326700    -0.01395518                         0.05554403
    SCEL8_2_4_1_0_1_1/6           1      0.25000000          0.01087615                     0.04715430    0.00785152                          0.04469960
    SCEL8_2_4_1_0_1_1/7           1      0.25000000          0.01803365                     0.05288030    0.02173169                          0.05580374
    SCEL8_2_4_1_0_1_1/8           1      0.12500000          0.02593019                     0.02682251    0.03141304                          0.03196934
    SCEL8_2_4_1_0_1_1/9           1      0.62500000          -0.05353336                    0.03835058    -0.04530260                         0.04354968
    SCEL8_2_4_1_0_1_1/10          1      0.75000000          -0.04867741                    0.02841429    -0.05551022                         0.02489287
    SCEL8_2_4_1_0_1_1/11          1      0.62500000          -0.06963336                    0.02844288    -0.06891045                         0.02902177
    SCEL8_2_4_1_0_1_1/12          1      0.50000000          -0.02674932                    0.07047917    -0.04586938                         0.05784271
    SCEL8_2_4_1_0_1_1/13          1      0.50000000          -0.02703057                    0.07029167    -0.03287634                         0.06650474
    SCEL8_2_4_1_0_1_1/14          1      0.62500000          -0.01263711                    0.06351750    -0.02440478                         0.05640987
    SCEL8_2_4_1_0_1_1/15          1      0.62500000          -0.05736961                    0.03598981    -0.06664879                         0.03041356
    SCEL8_2_4_1_0_1_1/16          1      0.50000000          -0.02367807                    0.07252667    -0.02750959                         0.07008258
    SCEL8_2_4_1_0_1_1/17          1      0.37500000          0.00552348                     0.06966609    -0.01257285                         0.05654936
    SCEL8_2_4_1_0_1_1/18          1      0.62500000          -0.05891336                    0.03503981    -0.05747138                         0.03606120
    SCEL8_2_4_1_0_1_1/19          1      0.50000000          -0.02059682                    0.07458083    -0.01837397                         0.07617299
    SCEL8_2_4_1_0_1_1/20          1      0.50000000          -0.03508057                    0.06492500    -0.04293289                         0.05980037
    SCEL8_2_4_1_0_1_1/21          1      0.37500000          0.00102973                     0.06639791    -0.00329206                         0.06329903
    SCEL8_2_4_1_0_1_1/22          1      0.37500000          0.00507848                     0.06934245    0.00388996                          0.06852231
    SCEL8_2_4_1_0_1_1/23          1      0.25000000          0.01596515                     0.05122550    0.01784614                          0.05269530
    SCEL8_2_4_1_1_0_1/0           1      0.87500000          -0.05844020                    0.00423933    -0.05873484                         0.00340194
    SCEL8_2_4_1_1_0_1/1           1      0.75000000          -0.09713116                    0.00072643    -0.09540746                         0.00209445
    SCEL8_2_4_1_1_0_1/2           1      0.75000000          -0.07177366                    0.01521643    -0.07085601                         0.01612385
    SCEL8_2_4_1_1_0_1/3           1      0.62500000          -0.07897836                    0.02269212    -0.08242622                         0.02070437
    SCEL8_2_4_1_1_0_1/4           1      0.62500000          -0.09732086                    0.01140442    -0.09823711                         0.01097460
    SCEL8_2_4_1_1_0_1/5           1      0.50000000          -0.07830932                    0.03610583    -0.06881661                         0.04254457
    SCEL8_2_4_1_1_0_1/6           1      0.62500000          -0.07010461                    0.02815288    -0.07583245                         0.02476208
    SCEL8_2_4_1_1_0_1/7           1      0.62500000          -0.02795961                    0.05408827    -0.03200923                         0.05173022
    SCEL8_2_4_1_1_0_1/8           1      0.50000000          -0.02221932                    0.07349917    -0.04936663                         0.05551122
    SCEL8_2_4_1_1_0_1/9           1      0.50000000          -0.06400432                    0.04564250    -0.06807822                         0.04303682
    SCEL8_2_4_1_1_0_1/10          1      0.37500000          -0.01722902                    0.05311882    -0.02320138                         0.04881952
    SCEL8_2_4_1_1_0_1/11          1      0.50000000          -0.02059557                    0.07458167    -0.04717550                         0.05697197
    SCEL8_2_4_1_1_0_1/12          1      0.37500000          -0.00303777                    0.06343973    -0.01810955                         0.05252267
    SCEL8_2_4_1_1_0_1/13          1      0.37500000          0.00786223                     0.07136700    -0.01257863                         0.05654515
    SCEL8_2_4_1_1_0_1/14          1      0.25000000          0.03124515                     0.06344950    0.03149074                          0.06361098
    SCEL8_2_4_1_1_0_1/15          1      0.37500000          -0.02220027                    0.04950336    -0.03984067                         0.03671822
    SCEL8_2_4_1_1_0_1/16          1      0.25000000          -0.01115685                    0.02952790    -0.01504307                         0.02638393
    SCEL8_2_4_1_1_0_1/17          1      0.12500000          0.03139132                     0.03167684    0.03581408                          0.03588137
    SCEL8_2_4_1_1_1_0/0           1      0.87500000          -0.03258520                    0.01802867    -0.03752239                         0.01471525
    SCEL8_2_4_1_1_1_0/1           1      0.75000000          -0.06781866                    0.01747643    -0.06732997                         0.01813873
    SCEL8_2_4_1_1_1_0/2           1      0.37500000          -0.01883652                    0.05194973    -0.03418543                         0.04083112
    SCEL8_2_4_1_1_1_0/3           1      0.50000000          -0.02506432                    0.07160250    -0.01961854                         0.07534327
    SCEL8_2_4_1_1_1_0/4           1      0.37500000          -0.00785152                    0.05993882    -0.01094923                         0.05773018
    SCEL8_2_4_1_1_1_0/5           1      0.25000000          0.01795065                     0.05281390    0.01389544                          0.04953475
    SCEL8_2_4_1_1_1_0/6           1      0.12500000          0.01738532                     0.01922707    0.01608850                          0.01834753
    SCEL8_2_4_1_1_1_0/7           1      0.50000000          -0.04289932                    0.05971250    -0.05333266                         0.05286720
    SCEL8_2_4_1_1_1_0/8           1      0.62500000          -0.06729211                    0.02988365    -0.06727526                         0.03002804
    SCEL8_2_4_1_1_1_0/9           1      0.62500000          0.00193164                     0.07248288    0.00511452                          0.07457560
    SCEL8_2_4_1_1_1_0/10          1      0.62500000          -0.01310461                    0.06322981    -0.00990652                         0.06533188
    SCEL8_2_4_1_1_1_0/11          1      0.50000000          -0.00846807                    0.08266667    -0.02347948                         0.07276932
    SCEL8_2_4_1_1_1_0/12          1      0.37500000          0.01110598                     0.07372609    -0.00875621                         0.05932510
    SCEL8_4_1_2_0_0_0/0           1      0.87500000          -0.04831645                    0.00963867    -0.04595268                         0.01021909
    SCEL8_4_1_2_0_0_0/1           1      0.75000000          -0.05693116                    0.02369786    -0.05557115                         0.02485806
    SCEL8_4_1_2_0_0_0/2           1      0.50000000          -0.02160682                    0.07390750    -0.02699823                         0.07042348
    SCEL8_4_1_2_0_0_0/3           1      0.37500000          0.00467473                     0.06904882    0.00419175                          0.06874180
    SCEL8_4_1_2_0_0_0/4           1      0.62500000          -0.07140336                    0.02735365    -0.06611489                         0.03074211
    SCEL8_4_1_2_0_0_0/5           1      0.25000000          0.01787590                     0.05275410    0.02579080                          0.05905103
    SCEL8_4_1_2_0_0_0/6           1      0.75000000          -0.04067241                    0.03298857    -0.04461958                         0.03111610
    SCEL8_4_1_2_0_0_0/7           1      0.62500000          -0.05866086                    0.03519519    -0.06498618                         0.03143670
    SCEL8_4_1_2_0_0_0/8           1      0.62500000          -0.05999086                    0.03437673    -0.05585601                         0.03705527
    SCEL8_4_1_2_0_0_0/9           1      0.50000000          -0.03339057                    0.06605167    -0.03764261                         0.06332723
    SCEL8_4_1_2_0_0_0/10          1      0.62500000          -0.05036961                    0.04029750    -0.04344432                         0.04469323
    SCEL8_4_1_2_0_0_0/11          1      0.37500000          -0.00056527                    0.06523791    -0.01044409                         0.05809755
    SCEL8_4_1_2_0_0_0/12          1      0.50000000          -0.02819307                    0.06951667    -0.03159272                         0.06736049
    SCEL8_4_1_2_0_0_0/13          1      0.62500000          -0.01319961                    0.06317135    -0.02410299                         0.05659559
    SCEL8_4_1_2_0_0_0/14          1      0.37500000          -0.00941527                    0.05880155    -0.01200198                         0.05696454
    SCEL8_4_1_2_0_0_0/15          1      0.50000000          -0.03476682                    0.06513417    -0.02898645                         0.06909800
    SCEL8_4_1_2_0_0_0/16          1      0.37500000          -0.00538402                    0.06173336    -0.01451207                         0.05513902
    SCEL8_4_1_2_0_0_0/17          1      0.25000000          0.02044615                     0.05481030    0.01227255                          0.04823643
    SCEL8_4_1_2_0_0_0/18          1      0.37500000          0.00093223                     0.06632700    0.00046631                          0.06603238
    SCEL8_4_1_2_0_0_0/19          1      0.12500000          0.03082419                     0.03117273    0.03035401                          0.03102798
    SCEL8_4_1_2_0_0_0/20          1      0.50000000          -0.02775682                    0.06980750    -0.03603796                         0.06439699
    SCEL8_4_1_2_0_0_1/0           1      0.87500000          -0.05163645                    0.00786800    -0.05830380                         0.00363183
    SCEL8_4_1_2_0_0_1/1           1      0.75000000          -0.09509491                    0.00189000    -0.09488207                         0.00239467
    SCEL8_4_1_2_0_0_1/2           1      0.62500000          -0.08946961                    0.01623596    -0.08420993                         0.01960670
    SCEL8_4_1_2_0_0_1/3           1      0.50000000          -0.03468182                    0.06519083    -0.04489987                         0.05848906
    SCEL8_4_1_2_0_0_1/4           1      0.37500000          0.00561098                     0.06972973    -0.01028406                         0.05821394
    SCEL8_4_1_2_0_0_1/5           1      0.62500000          -0.09955211                    0.01003135    -0.09618651                         0.01223650
    SCEL8_4_1_2_0_0_1/6           1      0.37500000          -0.02879402                    0.04470791    -0.03635250                         0.03925507
    SCEL8_4_1_2_0_0_1/7           1      0.50000000          -0.03032432                    0.06809583    -0.04277508                         0.05990558
    SCEL8_4_1_2_0_0_1/8           1      0.37500000          0.00154723                     0.06677427    -0.00523692                         0.06188458
    SCEL8_4_1_2_0_0_1/9           1      0.25000000          0.01642940                     0.05159690    0.01751482                          0.05243025
    SCEL8_4_1_2_0_0_1/10          1      0.12500000          0.01897007                     0.02063573    0.02492702                          0.02620399
    SCEL8_4_1_2_0_0_1/11          1      0.50000000          -0.04578307                    0.05779000    -0.05921396                         0.04894633
    SCEL8_4_1_2_0_0_1/12          1      0.50000000          -0.08039307                    0.03471667    -0.08874799                         0.02925697
    SCEL8_4_1_2_0_0_1/13          1      0.37500000          -0.03951277                    0.03691245    -0.05844333                         0.02318901
    SCEL8_4_1_2_0_0_1/14          1      0.62500000          -0.07043086                    0.02795212    -0.07035466                         0.02813302
    SCEL8_4_1_2_0_0_1/15          1      0.62500000          -0.02229211                    0.05757596    -0.02356936                         0.05692398
    SCEL8_4_1_2_0_1_0/0           1      0.87500000          -0.03982520                    0.01416733    -0.03739814                         0.01478151
    SCEL8_4_1_2_0_1_0/1           1      0.75000000          -0.03187116                    0.03801786    -0.02865908                         0.04023639
    SCEL8_4_1_2_0_1_0/2           1      0.50000000          -0.02172557                    0.07382833    -0.03924281                         0.06226043
    SCEL8_4_1_2_0_1_0/3           1      0.37500000          -0.00636527                    0.06101973    -0.00577828                         0.06149087
    SCEL8_4_1_2_0_1_0/4           1      0.75000000          -0.03972491                    0.03353000    -0.05083878                         0.02756227
    SCEL8_4_1_2_0_1_0/5           1      0.37500000          0.01252848                     0.07476064    -0.00529689                         0.06184097
    SCEL8_4_1_2_0_1_0/6           1      0.25000000          0.02028340                     0.05468010    0.02276604                          0.05663122
    SCEL8_4_1_2_0_1_0/7           1      0.25000000          0.03276665                     0.06466670    0.03189527                          0.06393461
    SCEL8_4_1_2_0_1_0/8           1      0.12500000          0.03436332                     0.03431862    0.03682927                          0.03678376
    SCEL8_4_1_2_0_1_0/9           1      0.62500000          0.00119539                     0.07202981    -0.01115816                         0.06456164
    SCEL8_4_1_2_0_1_0/10          1      0.75000000          -0.06421866                    0.01953357    -0.06264348                         0.02081673
    SCEL8_4_1_2_0_1_0/11          1      0.62500000          -0.03376211                    0.05051750    -0.04136727                         0.04597142
    SCEL8_4_1_2_0_1_0/12          1      0.50000000          -0.03335057                    0.06607833    -0.04418974                         0.05896248
    SCEL8_4_1_2_0_1_0/13          1      0.50000000          0.00284818                     0.09021083    -0.00117370                         0.08763983
    SCEL8_4_1_2_0_1_0/14          1      0.62500000          -0.06895336                    0.02886135    -0.06775293                         0.02973409
    SCEL8_4_1_2_0_1_0/15          1      0.62500000          -0.06235836                    0.03291981    -0.06800614                         0.02957827
    SCEL8_4_1_2_0_1_0/16          1      0.50000000          -0.02707307                    0.07026333    -0.03449553                         0.06542528
    SCEL8_4_1_2_0_1_0/17          1      0.37500000          -0.00326777                    0.06327245    -0.01353738                         0.05584788
    SCEL8_4_1_2_0_1_0/18          1      0.62500000          -0.06930961                    0.02864212    -0.06922259                         0.02882969
    SCEL8_4_1_2_0_1_0/19          1      0.50000000          -0.02054807                    0.07461333    -0.03897275                         0.06244047
    SCEL8_4_1_2_0_1_0/20          1      0.50000000          -0.03239807                    0.06671333    -0.04541841                         0.05814336
    SCEL8_4_1_2_0_1_0/21          1      0.37500000          0.00246473                     0.06744155    -0.00537704                         0.06178267
    SCEL8_4_1_2_0_1_0/22          1      0.37500000          0.00293098                     0.06778064    -0.01774360                         0.05278882
    SCEL8_4_1_2_0_1_0/23          1      0.25000000          0.01531365                     0.05070430    -0.00042524                         0.03807820
    SCEL8_4_1_2_0_1_2/0           1      0.87500000          -0.06357395                    0.00150133    -0.06282309                         0.00122154
    SCEL8_4_1_2_0_1_2/1           1      0.75000000          -0.07842116                    0.01141786    -0.07788780                         0.01210568
    SCEL8_4_1_2_0_1_2/2           1      0.50000000          -0.07271557                    0.03983500    -0.06644124                         0.04412814
    SCEL8_4_1_2_0_1_2/3           1      0.37500000          0.00672598                     0.07054064    -0.00510195                         0.06198275
    SCEL8_4_1_2_0_1_2/4           1      0.75000000          -0.09263866                    0.00329357    -0.09334278                         0.00327427
    SCEL8_4_1_2_0_1_2/5           1      0.37500000          -0.04610027                    0.03212155    -0.05433350                         0.02617798
    SCEL8_4_1_2_0_1_2/6           1      0.25000000          0.02245915                     0.05642070    0.02055099                          0.05485919
    SCEL8_4_1_2_0_1_2/7           1      0.25000000          -0.01144798                    0.02929500    -0.01281508                         0.02816633
    SCEL8_4_1_2_0_1_2/8           1      0.12500000          0.02722382                     0.02797240    0.03033519                          0.03101125
    SCEL8_4_1_2_0_1_2/9           1      0.62500000          -0.07727586                    0.02373981    -0.07733147                         0.02383960
    SCEL8_4_1_2_0_1_2/10          1      0.75000000          -0.07642241                    0.01256000    -0.07768911                         0.01221922
    SCEL8_4_1_2_0_1_2/11          1      0.62500000          -0.07212711                    0.02690827    -0.07076160                         0.02788260
    SCEL8_4_1_2_0_1_2/12          1      0.50000000          -0.05267057                    0.05319833    -0.05339671                         0.05282450
    SCEL8_4_1_2_0_1_2/13          1      0.50000000          -0.04222307                    0.06016333    -0.04288913                         0.05982955
    SCEL8_4_1_2_0_1_2/14          1      0.62500000          -0.06875461                    0.02898365    -0.07393416                         0.02593026
    SCEL8_4_1_2_0_1_2/15          1      0.62500000          -0.08646336                    0.01808596    -0.08868790                         0.01685103
    SCEL8_4_1_2_0_1_2/16          1      0.50000000          -0.04022932                    0.06149250    -0.04859766                         0.05602386
    SCEL8_4_1_2_0_1_2/17          1      0.37500000          -0.00830527                    0.05960882    -0.01263147                         0.05650672
    SCEL8_4_1_2_0_1_2/18          1      0.62500000          -0.09191461                    0.01473135    -0.09057450                         0.01569005
    SCEL8_4_1_2_0_1_2/19          1      0.50000000          -0.04811682                    0.05623417    -0.04971250                         0.05528064
    SCEL8_4_1_2_0_1_2/20          1      0.50000000          -0.05434932                    0.05207917    -0.06595979                         0.04444911
    SCEL8_4_1_2_0_1_2/21          1      0.37500000          -0.01208402                    0.05686064    -0.01660690                         0.05361551
    SCEL8_4_1_2_0_1_2/22          1      0.37500000          -0.01294777                    0.05623245    -0.02513844                         0.04741075
    SCEL8_4_1_2_0_1_2/23          1      0.25000000          0.01919390                     0.05380850    0.01544523                          0.05077458
    SCEL8_4_2_1_0_0_2/0           1      0.87500000          -0.03183395                    0.01842933    -0.03972535                         0.01354033
    SCEL8_4_2_1_0_0_2/1           1      0.75000000          -0.05320116                    0.02582929    -0.04755518                         0.02943861
    SCEL8_4_2_1_0_0_2/2           1      0.62500000          -0.06147461                    0.03346365    -0.05863126                         0.03534743
    SCEL8_4_2_1_0_0_2/3           1      0.50000000          -0.02818307                    0.06952333    -0.02285870                         0.07318317
    SCEL8_4_2_1_0_0_2/4           1      0.37500000          -0.00724902                    0.06037700    -0.01668299                         0.05356016
    SCEL8_4_2_1_0_0_2/5           1      0.62500000          -0.03911961                    0.04722058    -0.03817131                         0.04793817
    SCEL8_4_2_1_0_0_2/6           1      0.37500000          -0.00268277                    0.06369791    -0.00227423                         0.06403927
    SCEL8_4_2_1_0_0_2/7           1      0.50000000          -0.03217432                    0.06686250    -0.05071232                         0.05461409
    SCEL8_4_2_1_0_0_2/8           1      0.37500000          -0.00937152                    0.05883336    -0.01128717                         0.05748440
    SCEL8_4_2_1_0_0_2/9           1      0.25000000          0.01662402                     0.05175260    0.01989711                          0.05433608
    SCEL8_4_2_1_0_0_2/10          1      0.12500000          0.03101557                     0.03134284    0.03018979                          0.03088201
    SCEL8_4_2_1_0_0_2/11          1      0.50000000          -0.02064682                    0.07454750    -0.01719850                         0.07695664
    SCEL8_4_2_1_0_0_2/12          1      0.50000000          -0.04111557                    0.06090167    -0.04533778                         0.05819712
    SCEL8_4_2_1_0_0_2/13          1      0.37500000          -0.00475277                    0.06219245    0.00456945                          0.06901649
    SCEL8_4_2_1_0_0_2/14          1      0.62500000          -0.04251586                    0.04513058    -0.04512468                         0.04365917
    SCEL8_4_2_1_0_0_2/15          1      0.62500000          -0.04780961                    0.04187288    -0.03943327                         0.04716158
    SCEL8_4_2_1_1_2_0/0           1      0.87500000          -0.06638895                    0.00000000    -0.06511347                         0.00000000
    SCEL8_4_2_1_1_2_0/1           1      0.75000000          -0.03826241                    0.03436571    -0.04818549                         0.02907844
    SCEL8_4_2_1_1_2_0/2           1      0.62500000          -0.06092336                    0.03380288    -0.06901361                         0.02895829
    SCEL8_4_2_1_1_2_0/3           1      0.75000000          -0.09840241                    0.00000000    -0.09907275                         0.00000000
    SCEL8_4_2_1_1_2_0/4           1      0.62500000          -0.07517086                    0.02503519    -0.07962089                         0.02243073
    SCEL8_4_2_1_1_2_0/5           1      0.62500000          -0.02691336                    0.05473212    -0.03526552                         0.04972634
    SCEL8_4_2_1_1_2_0/6           1      0.50000000          -0.02949432                    0.06864917    -0.05049324                         0.05476014
    SCEL8_4_2_1_1_2_0/7           1      0.62500000          -0.08444461                    0.01932827    -0.08140853                         0.02133065
    SCEL8_4_2_1_1_2_0/8           1      0.37500000          -0.00202152                    0.06417882    -0.01147041                         0.05735114
    SCEL8_4_2_1_1_2_0/9           1      0.50000000          -0.03431557                    0.06543500    -0.04306938                         0.05970938
    SCEL8_4_2_1_1_2_0/10          1      0.37500000          0.00090973                     0.06631064    -0.01482106                         0.05491430
    SCEL8_4_2_1_1_2_0/11          1      0.50000000          -0.03272557                    0.06649500    -0.04153931                         0.06072943
    SCEL8_4_2_1_1_2_0/12          1      0.37500000          -0.02917152                    0.04443336    -0.03048317                         0.04352367
    SCEL8_4_2_1_1_2_0/13          1      0.25000000          -0.00988373                    0.03054640    -0.00134295                         0.03734403
    SCEL8_4_2_1_1_2_0/14          1      0.37500000          0.00472223                     0.06908336    0.00280850                          0.06773580
    SCEL8_4_2_1_1_2_0/15          1      0.12500000          0.02881632                     0.02938796    0.02675365                          0.02782766
    SCEL8_4_2_1_1_2_0/16          1      0.50000000          -0.03121182                    0.06750417    -0.02742650                         0.07013797
    SCEL8_4_2_1_1_2_0/17          1      0.25000000          0.02930577                     0.06189800    0.02720446                          0.06018196
    SCEL8_4_2_1_1_3_1/0           1      0.87500000          -0.05002270                    0.00872867    -0.05044973                         0.00782066
    SCEL8_4_2_1_1_3_1/1           1      0.75000000          -0.08250616                    0.00908357    -0.08190582                         0.00980967
    SCEL8_4_2_1_1_3_1/2           1      0.75000000          -0.03239491                    0.03771857    -0.03102516                         0.03888434
    SCEL8_4_2_1_1_3_1/3           1      0.62500000          -0.06874086                    0.02899212    -0.07310434                         0.02644092
    SCEL8_4_2_1_1_3_1/4           1      0.62500000          -0.04152336                    0.04574135    -0.04432076                         0.04415389
    SCEL8_4_2_1_1_3_1/5           1      0.50000000          -0.03322432                    0.06616250    -0.04286795                         0.05984367
    SCEL8_4_2_1_1_3_1/6           1      0.62500000          -0.06715086                    0.02997058    -0.06636700                         0.03058697
    SCEL8_4_2_1_1_3_1/7           1      0.62500000          -0.00729711                    0.06680365    -0.00688508                         0.06719123
    SCEL8_4_2_1_1_3_1/8           1      0.50000000          -0.01622557                    0.07749500    -0.02786044                         0.06984867
    SCEL8_4_2_1_1_3_1/9           1      0.50000000          -0.01911307                    0.07557000    -0.01970556                         0.07528526
    SCEL8_4_2_1_1_3_1/10          1      0.37500000          0.00260473                     0.06754336    -0.00852831                         0.05949085
    SCEL8_4_2_1_1_3_1/11          1      0.50000000          -0.05655182                    0.05061083    -0.05398326                         0.05243347
    SCEL8_4_2_1_1_3_1/12          1      0.37500000          -0.01184027                    0.05703791    -0.01402242                         0.05549513
    SCEL8_4_2_1_1_3_1/13          1      0.37500000          0.00970348                     0.07270609    -0.00768323                         0.06010545
    SCEL8_4_2_1_1_3_1/14          1      0.25000000          0.01648952                     0.05164500    0.01818332                          0.05296504
    SCEL8_4_2_1_1_3_1/15          1      0.37500000          -0.02165027                    0.04990336    -0.02781547                         0.04546382
    SCEL8_4_2_1_1_3_1/16          1      0.25000000          -0.01196723                    0.02887960    -0.01055018                         0.02997825
    SCEL8_4_2_1_1_3_1/17          1      0.12500000          0.01794319                     0.01972296    0.02186016                          0.02347789
    SCEL8_4_2_1_1_3_2/0           1      0.87500000          -0.02581145                    0.02164133    -0.02414586                         0.02184939
    SCEL8_4_2_1_1_3_2/1           1      0.75000000          -0.04642241                    0.02970286    -0.04642350                         0.03008528
    SCEL8_4_2_1_1_3_2/2           1      0.62500000          -0.00346711                    0.06916058    0.00361680                          0.07365392
    SCEL8_4_2_1_1_3_2/3           1      0.50000000          -0.03204932                    0.06694583    -0.02869667                         0.06929119
    SCEL8_4_2_1_1_3_2/4           1      0.37500000          -0.01386902                    0.05556245    -0.00047920                         0.06534474
    SCEL8_4_2_1_1_3_2/5           1      0.62500000          -0.07188336                    0.02705827    -0.07469494                         0.02546209
    SCEL8_4_2_1_1_3_2/6           1      0.37500000          -0.03066402                    0.04334791    -0.02160857                         0.04997793
    SCEL8_4_2_1_1_3_2/7           1      0.50000000          0.00604568                     0.09234250    0.00216310                          0.08986437
    SCEL8_4_2_1_1_3_2/8           1      0.37500000          -0.02090527                    0.05044518    -0.02475699                         0.04768817
    SCEL8_4_2_1_1_3_2/9           1      0.25000000          -0.02255148                    0.02041220    -0.02387443                         0.01931885
    SCEL8_4_2_1_1_3_2/10          1      0.12500000          -0.00185156                    0.00212762    -0.00188023                         0.00237532
    SCEL8_4_2_1_1_3_2/11          1      0.50000000          -0.05859557                    0.04924833    -0.05796856                         0.04977660
    SCEL8_4_2_1_1_3_2/12          1      0.50000000          -0.03365057                    0.06587833    -0.03295827                         0.06645012
    SCEL8_4_2_1_1_3_2/13          1      0.37500000          -0.06552652                    0.01799336    -0.06583439                         0.01781369
    SCEL8_4_2_1_1_3_2/14          1      0.62500000          -0.03460336                    0.04999981    -0.04596625                         0.04314128
    SCEL8_4_2_1_1_3_2/15          1      0.62500000          -0.00394711                    0.06886519    -0.00562553                         0.06796634
    SCEL8_8_1_1_0_0_3/0           1      0.87500000          -0.03100020                    0.01887400    -0.03931590                         0.01375871
    SCEL8_8_1_1_0_0_3/1           1      0.75000000          -0.04648491                    0.02966714    -0.04087891                         0.03325362
    SCEL8_8_1_1_0_0_3/2           1      0.75000000          -0.07951741                    0.01079143    -0.07792781                         0.01208282
    SCEL8_8_1_1_0_0_3/3           1      0.62500000          -0.04139461                    0.04582058    -0.04052927                         0.04648711
    SCEL8_8_1_1_0_0_3/4           1      0.62500000          -0.06613586                    0.03059519    -0.06236439                         0.03305012
    SCEL8_8_1_1_0_0_3/5           1      0.50000000          -0.03359807                    0.06591333    -0.04358550                         0.05936530
    SCEL8_8_1_1_0_0_3/6           1      0.62500000          -0.03855461                    0.04756827    -0.03190449                         0.05179467
    SCEL8_8_1_1_0_0_3/7           1      0.62500000          -0.04832086                    0.04155827    -0.05153577                         0.03971388
    SCEL8_8_1_1_0_0_3/8           1      0.50000000          -0.02755682                    0.06994083    -0.02283701                         0.07319763
    SCEL8_8_1_1_0_0_3/9           1      0.50000000          -0.04138932                    0.06071917    -0.03420644                         0.06561801
    SCEL8_8_1_1_0_0_3/10          1      0.37500000          -0.01114277                    0.05754518    -0.00639358                         0.06104337
    SCEL8_8_1_1_0_0_3/11          1      0.50000000          -0.02029807                    0.07478000    -0.02828645                         0.06956467
    SCEL8_8_1_1_0_0_3/12          1      0.37500000          -0.00078777                    0.06507609    -0.02230870                         0.04946874
    SCEL8_8_1_1_0_0_3/13          1      0.37500000          -0.00813277                    0.05973427    -0.00167568                         0.06447458
    SCEL8_8_1_1_0_0_3/14          1      0.25000000          0.01588440                     0.05116090    0.01326423                          0.04902977
    SCEL8_8_1_1_0_0_3/15          1      0.37500000          -0.00154152                    0.06452791    0.00984997                          0.07285687
    SCEL8_8_1_1_0_0_3/16          1      0.25000000          0.00862652                     0.04535460    0.00737226                          0.04431620
    SCEL8_8_1_1_0_0_3/17          1      0.12500000          0.03024907                     0.03066151    0.02980204                          0.03053734
    SCEL8_8_1_1_0_0_5/0           1      0.87500000          -0.02549020                    0.02181267    -0.02854244                         0.01950455
    SCEL8_8_1_1_0_0_5/1           1      0.75000000          -0.04420616                    0.03096929    -0.03549492                         0.03633019
    SCEL8_8_1_1_0_0_5/2           1      0.75000000          -0.04988116                    0.02772643    -0.04860546                         0.02883845
    SCEL8_8_1_1_0_0_5/3           1      0.62500000          -0.01369461                    0.06286673    -0.01386682                         0.06289477
    SCEL8_8_1_1_0_0_5/4           1      0.62500000          -0.06506086                    0.03125673    -0.06404547                         0.03201561
    SCEL8_8_1_1_0_0_5/5           1      0.50000000          -0.01143307                    0.08069000    -0.02669617                         0.07062485
    SCEL8_8_1_1_0_0_5/6           1      0.62500000          -0.03856961                    0.04755904    -0.03996949                         0.04683159
    SCEL8_8_1_1_0_0_5/7           1      0.62500000          -0.05307086                    0.03863519    -0.04267528                         0.04516649
    SCEL8_8_1_1_0_0_5/8           1      0.50000000          -0.02150307                    0.07397667    -0.02332841                         0.07287003
    SCEL8_8_1_1_0_0_5/9           1      0.50000000          -0.03831307                    0.06277000    -0.05810654                         0.04968461
    SCEL8_8_1_1_0_0_5/10          1      0.37500000          0.00255223                     0.06750518    -0.00515216                         0.06194623
    SCEL8_8_1_1_0_0_5/11          1      0.50000000          0.00583318                     0.09220083    0.00379862                          0.09095471
    SCEL8_8_1_1_0_0_5/12          1      0.37500000          0.01634473                     0.07753609    0.00657436                          0.07047460
    SCEL8_8_1_1_0_0_5/13          1      0.37500000          -0.00295527                    0.06349973    -0.02069289                         0.05064388
    SCEL8_8_1_1_0_0_5/14          1      0.25000000          0.02832002                     0.06110940    0.01741711                          0.05235208
    SCEL8_8_1_1_0_0_5/15          1      0.37500000          0.00690848                     0.07067336    0.00743875                          0.07110325
    SCEL8_8_1_1_0_0_5/16          1      0.25000000          0.02471502                     0.05822540    0.03514399                          0.06653359
    SCEL8_8_1_1_0_0_5/17          1      0.12500000          0.03461219                     0.03453984    0.03599752                          0.03604443
    SCEL8_8_1_1_0_0_6/0           1      0.87500000          -0.05387020                    0.00667667    -0.04852168                         0.00884896
    SCEL8_8_1_1_0_0_6/1           1      0.75000000          -0.04327991                    0.03149857    -0.04250389                         0.03232506
    SCEL8_8_1_1_0_0_6/2           1      0.50000000          -0.06510182                    0.04491083    -0.05973823                         0.04859682
    SCEL8_8_1_1_0_0_6/3           1      0.37500000          -0.00502527                    0.06199427    -0.00793604                         0.05992158
    SCEL8_8_1_1_0_0_6/4           1      0.75000000          -0.04645491                    0.02968429    -0.06199747                         0.02118587
    SCEL8_8_1_1_0_0_6/5           1      0.37500000          -0.03203277                    0.04235245    -0.03655879                         0.03910504
    SCEL8_8_1_1_0_0_6/6           1      0.25000000          0.00829440                     0.04508890    0.01058025                          0.04688259
    SCEL8_8_1_1_0_0_6/7           1      0.25000000          0.00642302                     0.04359180    -0.00126635                         0.03740531
    SCEL8_8_1_1_0_0_6/8           1      0.12500000          0.02783219                     0.02851318    0.02696010                          0.02801117
    SCEL8_8_1_1_0_0_6/9           1      0.62500000          -0.01521336                    0.06193212    -0.03726561                         0.04849552
    SCEL8_8_1_1_0_0_6/10          1      0.75000000          -0.07408241                    0.01389714    -0.07761750                         0.01226014
    SCEL8_8_1_1_0_0_6/11          1      0.62500000          -0.04460711                    0.04384365    -0.03921710                         0.04729460
    SCEL8_8_1_1_0_0_6/12          1      0.50000000          -0.04624307                    0.05748333    -0.04404937                         0.05905605
    SCEL8_8_1_1_0_0_6/13          1      0.50000000          -0.00679432                    0.08378250    -0.00006888                         0.08837638
    SCEL8_8_1_1_0_0_6/14          1      0.62500000          -0.07253336                    0.02665827    -0.07450864                         0.02557673
    SCEL8_8_1_1_0_0_6/15          1      0.62500000          -0.07109461                    0.02754365    -0.06788245                         0.02965439
    SCEL8_8_1_1_0_0_6/16          1      0.50000000          -0.03504432                    0.06494917    -0.04143261                         0.06080056
    SCEL8_8_1_1_0_0_6/17          1      0.37500000          -0.00144527                    0.06459791    -0.00513787                         0.06195662
    SCEL8_8_1_1_0_0_6/18          1      0.62500000          -0.09107336                    0.01524904    -0.09257170                         0.01446100
    SCEL8_8_1_1_0_0_6/19          1      0.50000000          -0.04104932                    0.06094583    -0.06291783                         0.04647708
    SCEL8_8_1_1_0_0_6/20          1      0.50000000          -0.05125807                    0.05414000    -0.04531926                         0.05820946
    SCEL8_8_1_1_0_0_6/21          1      0.37500000          -0.01478152                    0.05489882    -0.01401523                         0.05550036
    SCEL8_8_1_1_0_0_6/22          1      0.37500000          -0.00835277                    0.05957427    -0.02273140                         0.04916133
    SCEL8_8_1_1_0_0_6/23          1      0.25000000          0.01229902                     0.04829260    0.00996208                          0.04638806
    SCEL8_8_1_1_0_0_7/0           1      0.87500000          -0.02811895                    0.02041067    -0.02376406                         0.02205302
    SCEL8_8_1_1_0_0_7/1           1      0.75000000          -0.00612991                    0.05272714    -0.01178812                         0.04987693
    SCEL8_8_1_1_0_0_7/2           1      0.50000000          -0.00971807                    0.08183333    -0.03714839                         0.06365671
    SCEL8_8_1_1_0_0_7/3           1      0.37500000          0.00137098                     0.06664609    0.00334349                          0.06812488
    SCEL8_8_1_1_0_0_7/4           1      0.75000000          -0.02825866                    0.04008214    -0.02517780                         0.04222568
    SCEL8_8_1_1_0_0_7/5           1      0.37500000          0.01931348                     0.07969518    -0.00917116                         0.05902331
    SCEL8_8_1_1_0_0_7/6           1      0.25000000          0.01835327                     0.05313600    0.01205890                          0.04806551
    SCEL8_8_1_1_0_0_7/7           1      0.25000000          0.02475590                     0.05825810    0.01484422                          0.05029376
    SCEL8_8_1_1_0_0_7/8           1      0.12500000          0.03102832                     0.03135418    0.02994552                          0.03066487
    SCEL8_8_1_1_0_0_7/9           1      0.62500000          -0.00743961                    0.06671596    -0.00001681                         0.07141786
    SCEL8_8_1_1_0_0_7/10          1      0.75000000          -0.05751366                    0.02336500    -0.05364425                         0.02595914
    SCEL8_8_1_1_0_0_7/11          1      0.62500000          -0.00778586                    0.06650288    -0.02202833                         0.05787231
    SCEL8_8_1_1_0_0_7/12          1      0.50000000          0.01167943                     0.09609833    -0.01062211                         0.08134090
    SCEL8_8_1_1_0_0_7/13          1      0.50000000          0.00020943                     0.08845167    0.00164229                          0.08951716
    SCEL8_8_1_1_0_0_7/14          1      0.62500000          -0.01634586                    0.06123519    -0.03540330                         0.04964156
    SCEL8_8_1_1_0_0_7/15          1      0.62500000          -0.01002086                    0.06512750    -0.02538724                         0.05580529
    SCEL8_8_1_1_0_0_7/16          1      0.50000000          0.00094443                     0.08894167    -0.00706097                         0.08371499
    SCEL8_8_1_1_0_0_7/17          1      0.37500000          0.01967973                     0.07996155    0.00848916                          0.07186719
    SCEL8_8_1_1_0_0_7/18          1      0.62500000          -0.05356836                    0.03832904    -0.05993786                         0.03454337
    SCEL8_8_1_1_0_0_7/19          1      0.50000000          -0.02822557                    0.06949500    -0.02652012                         0.07074222
    SCEL8_8_1_1_0_0_7/20          1      0.50000000          -0.01536557                    0.07806833    -0.02512590                         0.07167170
    SCEL8_8_1_1_0_0_7/21          1      0.37500000          -0.00576527                    0.06145609    -0.00829001                         0.05966415
    SCEL8_8_1_1_0_0_7/22          1      0.37500000          -0.00074777                    0.06510518    0.00344883                          0.06820149
    SCEL8_8_1_1_0_0_7/23          1      0.25000000          0.00813565                     0.04496190    0.01443961                          0.04997008
    SCEL8_8_1_1_0_1_0/0           1      0.87500000          -0.03359020                    0.01749267    -0.03644153                         0.01529170
    SCEL8_8_1_1_0_1_0/1           1      0.75000000          -0.02798241                    0.04024000    -0.03125947                         0.03875044
    SCEL8_8_1_1_0_1_0/2           1      0.50000000          -0.04328557                    0.05945500    -0.05150882                         0.05408309
    SCEL8_8_1_1_0_1_0/3           1      0.37500000          -0.00052152                    0.06526973    -0.00760230                         0.06016431
    SCEL8_8_1_1_0_1_0/4           1      0.75000000          -0.03013491                    0.03901000    -0.03714818                         0.03538547
    SCEL8_8_1_1_0_1_0/5           1      0.37500000          -0.02978777                    0.04398518    -0.03162511                         0.04269317
    SCEL8_8_1_1_0_1_0/6           1      0.25000000          0.00507965                     0.04251710    0.00446053                          0.04198682
    SCEL8_8_1_1_0_1_0/7           1      0.25000000          -0.01766935                    0.02431790    -0.01861487                         0.02352650
    SCEL8_8_1_1_0_1_0/8           1      0.12500000          0.01656069                     0.01849407    0.01496163                          0.01734586
    SCEL8_8_1_1_0_1_0/9           1      0.62500000          -0.01479836                    0.06218750    -0.01757594                         0.06061224
    SCEL8_8_1_1_0_1_0/10          1      0.75000000          -0.07263116                    0.01472643    -0.07029957                         0.01644181
    SCEL8_8_1_1_0_1_0/11          1      0.62500000          -0.02944461                    0.05317442    -0.03618310                         0.04916168
    SCEL8_8_1_1_0_1_0/12          1      0.50000000          -0.02030057                    0.07477833    -0.02570158                         0.07128792
    SCEL8_8_1_1_0_1_0/13          1      0.50000000          -0.01202557                    0.08029500    -0.00545848                         0.08478331
    SCEL8_8_1_1_0_1_0/14          1      0.62500000          -0.05126086                    0.03974904    -0.05198979                         0.03943449
    SCEL8_8_1_1_0_1_0/15          1      0.62500000          -0.03656086                    0.04879519    -0.02871238                         0.05375904
    SCEL8_8_1_1_0_1_0/16          1      0.50000000          -0.01269932                    0.07984583    -0.01509793                         0.07835702
    SCEL8_8_1_1_0_1_0/17          1      0.37500000          0.01338973                     0.07538700    0.01714454                          0.07816201
    SCEL8_8_1_1_0_1_0/18          1      0.62500000          -0.06813711                    0.02936365    -0.07429740                         0.02570673
    SCEL8_8_1_1_0_1_0/19          1      0.50000000          -0.03938557                    0.06205500    -0.05003345                         0.05506667
    SCEL8_8_1_1_0_1_0/20          1      0.50000000          -0.04000182                    0.06164417    -0.03947450                         0.06210597
    SCEL8_8_1_1_0_1_0/21          1      0.37500000          -0.02614902                    0.04663155    -0.02181859                         0.04982519
    SCEL8_8_1_1_0_1_0/22          1      0.37500000          -0.01450277                    0.05510155    -0.02477962                         0.04767171
    SCEL8_8_1_1_0_1_0/23          1      0.25000000          0.00507290                     0.04251170    0.01247342                          0.04839713
    SCEL8_8_1_1_0_4_3/0           1      0.87500000          -0.02237520                    0.02347400    -0.02119033                         0.02342568
    SCEL8_8_1_1_0_4_3/1           1      0.75000000          -0.03980616                    0.03348357    -0.04202052                         0.03260127
    SCEL8_8_1_1_0_4_3/2           1      0.75000000          0.00223884                     0.05750929    0.00715288                          0.06070036
    SCEL8_8_1_1_0_4_3/3           1      0.62500000          -0.03323586                    0.05084135    -0.03308606                         0.05106755
    SCEL8_8_1_1_0_4_3/4           1      0.62500000          -0.02069086                    0.05856135    -0.02253056                         0.05756324
    SCEL8_8_1_1_0_4_3/5           1      0.50000000          -0.04321432                    0.05950250    -0.04212405                         0.06033960
    SCEL8_8_1_1_0_4_3/6           1      0.62500000          -0.02857461                    0.05370981    -0.04451881                         0.04403201
    SCEL8_8_1_1_0_4_3/7           1      0.62500000          0.00118789                     0.07202519    -0.00078966                         0.07094226
    SCEL8_8_1_1_0_4_3/8           1      0.50000000          -0.02668682                    0.07052083    -0.02392144                         0.07247467
    SCEL8_8_1_1_0_4_3/9           1      0.50000000          -0.01054307                    0.08128333    -0.01125040                         0.08092203
    SCEL8_8_1_1_0_4_3/10          1      0.37500000          -0.02703402                    0.04598791    -0.03210142                         0.04234676
    SCEL8_8_1_1_0_4_3/11          1      0.50000000          -0.02515182                    0.07154417    -0.03500460                         0.06508590
    SCEL8_8_1_1_0_4_3/12          1      0.37500000          -0.04446152                    0.03331336    -0.04530011                         0.03274771
    SCEL8_8_1_1_0_4_3/13          1      0.37500000          -0.01178027                    0.05708155    0.00284859                          0.06776495
    SCEL8_8_1_1_0_4_3/14          1      0.25000000          -0.02029610                    0.02221650    -0.01872695                         0.02343683
    SCEL8_8_1_1_0_4_3/15          1      0.37500000          -0.02968027                    0.04406336    -0.02166922                         0.04993382
    SCEL8_8_1_1_0_4_3/16          1      0.25000000          -0.03751285                    0.00844310    -0.03780050                         0.00817799
    SCEL8_8_1_1_0_4_3/17          1      0.12500000          0.00144107                     0.00505440    -0.00006053                         0.00399283
    SCEL8_8_1_1_0_5_2/0           1      0.87500000          -0.04476770                    0.01153133    -0.04903653                         0.00857437
    SCEL8_8_1_1_0_5_2/1           1      0.75000000          -0.06473116                    0.01924071    -0.06492112                         0.01951522
    SCEL8_8_1_1_0_5_2/2           1      0.50000000          -0.08382057                    0.03243167    -0.08920748                         0.02895065
    SCEL8_8_1_1_0_5_2/3           1      0.37500000          -0.02992527                    0.04388518    -0.01639380                         0.05377049
    SCEL8_8_1_1_0_5_2/4           1      0.75000000          -0.07010866                    0.01616786    -0.06818425                         0.01765057
    SCEL8_8_1_1_0_5_2/5           1      0.37500000          -0.05192777                    0.02788336    -0.05161001                         0.02815870
    SCEL8_8_1_1_0_5_2/6           1      0.25000000          -0.00608498                    0.03358540    -0.00808207                         0.03195274
    SCEL8_8_1_1_0_5_2/7           1      0.25000000          -0.02112823                    0.02155080    -0.01827895                         0.02379523
    SCEL8_8_1_1_0_5_2/8           1      0.12500000          0.00802969                     0.01091096    0.00950192                          0.01249279
    SCEL8_8_1_1_0_5_2/9           1      0.62500000          -0.04191336                    0.04550135    -0.04037037                         0.04658489
    SCEL8_8_1_1_0_5_2/10          1      0.75000000          -0.09387741                    0.00258571    -0.09231656                         0.00386068
    SCEL8_8_1_1_0_5_2/11          1      0.62500000          -0.08330086                    0.02003212    -0.08195505                         0.02099432
    SCEL8_8_1_1_0_5_2/12          1      0.50000000          -0.08410057                    0.03224500    -0.08559787                         0.03135705
    SCEL8_8_1_1_0_5_2/13          1      0.50000000          -0.02483057                    0.07175833    -0.04328213                         0.05956755
    SCEL8_8_1_1_0_5_2/14          1      0.62500000          -0.01862461                    0.05983288    -0.02653464                         0.05509919
    SCEL8_8_1_1_0_5_2/15          1      0.50000000          -0.02897557                    0.06899500    -0.01606426                         0.07771279
    SCEL8_8_1_1_0_5_2/16          1      0.37500000          -0.00942277                    0.05879609    -0.00491448                         0.06211909
    SCEL8_8_1_1_0_5_2/17          1      0.62500000          -0.10870961                    0.00439596    -0.10734841                         0.00536764
    SCEL8_8_1_1_0_5_2/18          1      0.50000000          -0.05992807                    0.04836000    -0.08713329                         0.03033344
    SCEL8_8_1_1_0_5_2/19          1      0.50000000          -0.06007557                    0.04826167    -0.06655830                         0.04405010
    SCEL8_8_1_1_0_5_2/20          1      0.37500000          -0.02121777                    0.05021791    -0.03789332                         0.03813448
    SCEL8_8_1_1_0_5_2/21          1      0.37500000          -0.06577777                    0.01781064    -0.07241397                         0.01302854
    SCEL8_8_1_1_0_5_2/22          1      0.25000000          -0.00996698                    0.03047980    -0.01116602                         0.02948557
