#                  name    selected         comp(a)    formation_energy    hull_dist(MASTER,atom_frac)        clex()    clex_hull_dist(MASTER,atom_frac)
    SCEL1_1_1_1_0_0_0/0           1      1.00000000          0.00000000                     0.00000000    0.00285590                          0.00000000
    SCEL1_1_1_1_0_0_0/1           1      0.00000000          0.03957646                     0.00000000    0.02822918                          0.00000000
    SCEL2_2_1_1_0_0_1/0           1      0.50000000          -0.01383632                    0.07908783    -0.00894624                         0.08075088
    SCEL2_2_1_1_0_1_1/0           1      0.50000000          -0.03327882                    0.06612617    -0.03144454                         0.06575201
    SCEL3_3_1_1_0_0_2/0           1      0.66666667          -0.06338554                    0.02815750    -0.06741456                         0.02490440
    SCEL3_3_1_1_0_0_2/1           1      0.33333333          0.02390491                     0.07507906    0.02999611                          0.08047607
    SCEL3_3_1_1_0_2_1/0           1      0.66666667          -0.10334154                    0.00418390    -0.10098957                         0.00475939
    SCEL3_3_1_1_0_2_1/1           1      0.33333333          -0.04529576                    0.02317856    -0.04122397                         0.02706101
    SCEL3_3_1_1_0_2_2/0           1      0.66666667          0.01616612                     0.07588850    0.01656784                          0.07529384
    SCEL3_3_1_1_0_2_2/1           1      0.33333333          0.01525024                     0.06858806    0.01219868                          0.06712800
    SCEL4_2_2_1_0_1_0/0           1      0.75000000          -0.08184416                    0.00946186    -0.08476430                         0.00776129
    SCEL4_2_2_1_0_1_0/1           1      0.25000000          0.00283177                     0.04071880    0.00380253                          0.04377937
    SCEL4_2_2_1_1_1_0/0           1      0.75000000          0.04062359                     0.07944343    0.03745991                          0.07760369
    SCEL4_2_2_1_1_1_0/1           1      0.25000000          -0.03132248                    0.01339540    -0.02904507                         0.01750130
    SCEL4_4_1_1_0_0_0/0           1      0.75000000          -0.03514166                    0.03614900    -0.02214977                         0.04354102
    SCEL4_4_1_1_0_0_0/1           1      0.50000000          0.02063093                     0.10206600    0.01688891                          0.09797431
    SCEL4_4_1_1_0_0_0/2           1      0.25000000          0.02262802                     0.05655580    0.02559226                          0.06121116
    SCEL4_4_1_1_0_0_2/0           1      0.75000000          -0.09671416                    0.00096471    -0.09485508                         0.00199513
    SCEL4_4_1_1_0_0_2/1           1      0.50000000          -0.04330832                    0.05943983    -0.04153507                         0.05902500
    SCEL4_4_1_1_0_0_2/2           1      0.25000000          0.01807152                     0.05291060    0.02205745                          0.05838331
    SCEL4_4_1_1_0_0_3/0           1      0.75000000          -0.01988016                    0.04486986    -0.02611555                         0.04127486
    SCEL4_4_1_1_0_0_3/1           1      0.50000000          -0.01958857                    0.07525300    -0.01566907                         0.07626899
    SCEL4_4_1_1_0_0_3/2           1      0.25000000          0.01329377                     0.04908840    0.01053161                          0.04916264
    SCEL4_4_1_1_0_1_0/0           1      0.75000000          -0.05279891                    0.02605914    -0.05606838                         0.02415896
    SCEL4_4_1_1_0_1_0/1           1      0.50000000          -0.02725232                    0.07014383    -0.03754343                         0.06168609
    SCEL4_4_1_1_0_1_0/2           1      0.25000000          0.00992627                     0.04639440    0.00898957                          0.04792901
    SCEL4_4_1_1_0_2_1/0           1      0.75000000          -0.04620766                    0.02982557    -0.04421858                         0.03093027
    SCEL4_4_1_1_0_2_1/1           1      0.50000000          -0.13246807                    0.00000000    -0.13007256                         0.00000000
    SCEL4_4_1_1_0_2_1/2           1      0.25000000          -0.04806673                    0.00000000    -0.04832696                         0.00207578
    SCEL5_1_1_5_0_0_0/0           1      0.80000000          -0.00600593                    0.04578589    -0.01212700                         0.04387045
    SCEL5_1_1_5_0_0_0/1           1      0.60000000          0.00576515                     0.07808825    0.00041416                          0.07362270
    SCEL5_1_1_5_0_0_0/2           1      0.60000000          -0.00874985                    0.06901638    -0.00721548                         0.06885418
    SCEL5_1_1_5_0_0_0/3           1      0.40000000          -0.00212398                    0.06898825    -0.00334632                         0.06790421
    SCEL5_1_1_5_0_0_0/4           1      0.40000000          0.02927302                     0.09141468    0.02965893                          0.09147939
    SCEL5_1_1_5_0_0_0/5           1      0.20000000          0.02443009                     0.04580682    0.02606158                          0.05096091
    SCEL5_5_1_1_0_0_3/0           1      0.80000000          -0.05791073                    0.01694989    -0.06748310                         0.01311707
    SCEL5_5_1_1_0_0_3/1           1      0.60000000          -0.08757945                    0.01974788    -0.08324747                         0.02133418
    SCEL5_5_1_1_0_0_3/2           1      0.60000000          -0.05363025                    0.04096612    -0.04683941                         0.04408922
    SCEL5_5_1_1_0_0_3/3           1      0.40000000          -0.02531138                    0.05242582    -0.03113600                         0.04805443
    SCEL5_5_1_1_0_0_3/4           1      0.40000000          0.00539222                     0.07435696    -0.00361838                         0.06770988
    SCEL5_5_1_1_0_0_3/5           1      0.20000000          0.03095969                     0.05124815    0.03292405                          0.05667964
    SCEL5_5_1_1_0_0_4/0           1      0.80000000          -0.04938953                    0.02168389    -0.03518755                         0.03105904
    SCEL5_5_1_1_0_0_4/1           1      0.60000000          -0.04730905                    0.04491688    -0.05142003                         0.04122633
    SCEL5_5_1_1_0_0_4/2           1      0.60000000          0.00802395                     0.07950000    -0.00451398                         0.07054261
    SCEL5_5_1_1_0_0_4/3           1      0.40000000          0.01721022                     0.08279839    0.01356335                          0.07998255
    SCEL5_5_1_1_0_0_4/4           1      0.40000000          -0.01058398                    0.06294539    -0.01450858                         0.05993116
    SCEL5_5_1_1_0_0_4/5           1      0.20000000          0.02557549                     0.04676132    0.02487588                          0.04997283
    SCEL5_5_1_1_0_1_3/0           1      0.80000000          -0.07895133                    0.00526067    -0.08333536                         0.00431025
    SCEL5_5_1_1_0_1_3/1           1      0.60000000          -0.10494705                    0.00889313    -0.10011535                         0.01079176
    SCEL5_5_1_1_0_1_3/2           1      0.40000000          -0.05736098                    0.02953325    -0.06065299                         0.02697087
    SCEL5_5_1_1_0_1_3/3           1      0.20000000          -0.00083071                    0.02475615    0.00066401                          0.02979627
    SCEL5_5_1_1_0_4_3/0           1      0.80000000          -0.04813633                    0.02238011    -0.04426485                         0.02601609
    SCEL5_5_1_1_0_4_3/1           1      0.60000000          -0.04979265                    0.04336463    -0.05102599                         0.04147261
    SCEL5_5_1_1_0_4_3/2           1      0.60000000          -0.01327965                    0.06618525    -0.01456495                         0.06426075
    SCEL5_5_1_1_0_4_3/3           1      0.40000000          -0.01999398                    0.05622396    -0.02478881                         0.05258814
    SCEL5_5_1_1_0_4_3/4           1      0.40000000          0.00087202                     0.07112825    -0.00518813                         0.06658863
    SCEL5_5_1_1_0_4_3/5           1      0.20000000          -0.00893691                    0.01800098    -0.00357620                         0.02626276
    SCEL6_2_3_1_0_1_0/0           1      0.83333333          -0.04912427                    0.01780455    -0.05112106                         0.01916597
    SCEL6_2_3_1_0_1_0/1           1      0.66666667          -0.07678388                    0.02011850    -0.07379287                         0.02107741
    SCEL6_2_3_1_0_1_0/2           1      0.66666667          -0.06121288                    0.02946110    -0.06134418                         0.02854663
    SCEL6_2_3_1_0_1_0/3           1      0.50000000          -0.03806665                    0.06293428    -0.04153696                         0.05902373
    SCEL6_2_3_1_0_1_0/4           1      0.50000000          -0.01601665                    0.07763428    -0.01584397                         0.07615240
    SCEL6_2_3_1_0_1_0/5           1      0.33333333          0.01214624                     0.06626006    0.00909834                          0.06480274
    SCEL6_2_3_1_0_1_0/6           1      0.33333333          0.01073974                     0.06520519    0.01078847                          0.06607034
    SCEL6_2_3_1_0_1_0/7           1      0.16666667          0.02731914                     0.03957554    0.03164191                          0.04815426
    SCEL6_3_1_2_0_0_0/0           1      0.83333333          -0.05407094                    0.01510636    -0.05338360                         0.01793185
    SCEL6_3_1_2_0_0_0/1           1      0.66666667          -0.06642321                    0.02633490    -0.06396994                         0.02697117
    SCEL6_3_1_2_0_0_0/2           1      0.66666667          -0.07682738                    0.02009240    -0.07304121                         0.02152841
    SCEL6_3_1_2_0_0_0/3           1      0.50000000          -0.02988432                    0.06838917    -0.03239916                         0.06511560
    SCEL6_3_1_2_0_0_0/4           1      0.50000000          -0.01606932                    0.07759917    -0.01584572                         0.07615122
    SCEL6_3_1_2_0_0_0/5           1      0.33333333          0.01611758                     0.06923856    0.01577375                          0.06980930
    SCEL6_3_1_2_0_0_0/6           1      0.33333333          0.00728758                     0.06261606    0.00395490                          0.06094516
    SCEL6_3_1_2_0_0_0/7           1      0.16666667          0.02043280                     0.03367297    0.03023733                          0.04695034
    SCEL6_3_1_2_0_0_2/0           1      0.83333333          -0.03561761                    0.02517182    -0.05016079                         0.01968975
    SCEL6_3_1_2_0_0_2/1           1      0.66666667          -0.04343854                    0.04012570    -0.04368786                         0.03914042
    SCEL6_3_1_2_0_0_2/2           1      0.66666667          -0.07089354                    0.02365270    -0.06566974                         0.02595129
    SCEL6_3_1_2_0_0_2/3           1      0.50000000          -0.03339648                    0.06604772    -0.03415493                         0.06394509
    SCEL6_3_1_2_0_0_2/4           1      0.50000000          -0.02155865                    0.07393961    -0.03190846                         0.06544273
    SCEL6_3_1_2_0_0_2/5           1      0.33333333          -0.00026876                    0.05694881    -0.00209535                         0.05640747
    SCEL6_3_1_2_0_0_2/6           1      0.33333333          0.00115391                     0.05801581    0.00106702                          0.05877925
    SCEL6_3_1_2_0_0_2/7           1      0.16666667          0.03145880                     0.04312383    0.03469984                          0.05077535
    SCEL6_3_1_2_0_2_2/0           1      0.83333333          -0.05600094                    0.01405364    -0.05717068                         0.01586617
    SCEL6_3_1_2_0_2_2/1           1      0.66666667          -0.03127454                    0.04742410    -0.03426465                         0.04479435
    SCEL6_3_1_2_0_2_2/2           1      0.66666667          -0.08244638                    0.01672100    -0.07761254                         0.01878561
    SCEL6_3_1_2_0_2_2/3           1      0.50000000          -0.01858665                    0.07592094    -0.01758499                         0.07499171
    SCEL6_3_1_2_0_2_2/4           1      0.50000000          -0.05919848                    0.04884639    -0.05376830                         0.05086951
    SCEL6_3_1_2_0_2_2/5           1      0.33333333          0.00801041                     0.06315819    0.00678229                          0.06306570
    SCEL6_3_1_2_0_2_2/6           1      0.33333333          0.00128258                     0.05811231    0.00338165                          0.06051522
    SCEL6_3_1_2_0_2_2/7           1      0.16666667          0.02327364                     0.03610797    0.02513460                          0.04257658
    SCEL6_3_2_1_0_1_2/0           1      0.83333333          -0.08176594                    0.00000000    -0.08625866                         0.00000000
    SCEL6_3_2_1_0_1_2/1           1      0.66666667          -0.09343504                    0.01012780    -0.09913351                         0.00587303
    SCEL6_3_2_1_0_1_2/2           1      0.66666667          -0.10043638                    0.00592700    -0.10353238                         0.00323370
    SCEL6_3_2_1_0_1_2/3           1      0.50000000          -0.09215315                    0.02687661    -0.09161647                         0.02563740
    SCEL6_3_2_1_0_1_2/4           1      0.50000000          -0.06639898                    0.04404606    -0.06281833                         0.04483615
    SCEL6_3_2_1_0_1_2/5           1      0.33333333          -0.02479859                    0.03855144    -0.03194787                         0.03401809
    SCEL6_3_2_1_0_1_2/6           1      0.33333333          0.02339608                     0.07469744    0.01386289                          0.06837616
    SCEL6_3_2_1_0_1_2/7           1      0.16666667          0.02266314                     0.03558469    0.02731652                          0.04444679
    SCEL6_6_1_1_0_0_5/0           1      0.83333333          -0.03063261                    0.02789091    -0.02710235                         0.03226708
    SCEL6_6_1_1_0_0_5/1           1      0.66666667          -0.00735371                    0.06177660    -0.01218500                         0.05804213
    SCEL6_6_1_1_0_0_5/2           1      0.66666667          -0.01088104                    0.05966020    -0.02306387                         0.05151481
    SCEL6_6_1_1_0_0_5/3           1      0.50000000          0.00710035                     0.09304561    -0.00191685                         0.08543714
    SCEL6_6_1_1_0_0_5/4           1      0.50000000          -0.01647348                    0.07732972    -0.01601636                         0.07603747
    SCEL6_6_1_1_0_0_5/5           1      0.33333333          -0.00494959                    0.05343819    0.00510759                          0.06180968
    SCEL6_6_1_1_0_0_5/6           1      0.33333333          0.00779724                     0.06299831    0.00681505                          0.06309028
    SCEL6_6_1_1_0_0_5/7           1      0.16666667          0.02534814                     0.03788611    0.02717939                          0.04432925
    SCEL6_6_1_1_0_1_0/0           1      0.83333333          -0.04652594                    0.01922182    -0.04839439                         0.02065324
    SCEL6_6_1_1_0_1_0/1           1      0.66666667          -0.03865471                    0.04299600    -0.03402137                         0.04494031
    SCEL6_6_1_1_0_1_0/2           1      0.66666667          -0.03811871                    0.04331760    -0.03787872                         0.04262590
    SCEL6_6_1_1_0_1_0/3           1      0.50000000          0.00404135                     0.09100628    0.00220480                          0.08818490
    SCEL6_6_1_1_0_1_0/4           1      0.50000000          -0.05217715                    0.05352728    -0.04975489                         0.05354511
    SCEL6_6_1_1_0_1_0/5           1      0.33333333          -0.01424092                    0.04646969    -0.00416684                         0.05485386
    SCEL6_6_1_1_0_1_0/6           1      0.33333333          0.00070091                     0.05767606    0.00013672                          0.05808152
    SCEL6_6_1_1_0_1_0/7           1      0.16666667          0.00860480                     0.02353469    0.00682531                          0.02688290
    SCEL6_6_1_1_0_1_4/0           1      0.83333333          -0.06497761                    0.00915727    -0.06307983                         0.01264300
    SCEL6_6_1_1_0_1_4/1           1      0.66666667          -0.10374004                    0.00394480    -0.09867000                         0.00615113
    SCEL6_6_1_1_0_1_4/2           1      0.66666667          -0.03099054                    0.04759450    -0.03713397                         0.04307275
    SCEL6_6_1_1_0_1_4/3           1      0.50000000          -0.03437648                    0.06539439    -0.04116792                         0.05926976
    SCEL6_6_1_1_0_1_4/4           1      0.50000000          -0.05885382                    0.04907617    -0.06578573                         0.04285789
    SCEL6_6_1_1_0_1_4/5           1      0.33333333          0.01465508                     0.06814169    0.00785368                          0.06386925
    SCEL6_6_1_1_0_1_4/6           1      0.33333333          -0.02924159                    0.03521919    -0.02978275                         0.03564192
    SCEL6_6_1_1_0_1_4/7           1      0.16666667          0.00958664                     0.02437626    0.01514233                          0.03401177
    SCEL6_6_1_1_0_3_2/0           1      0.83333333          -0.03228927                    0.02698727    -0.02656722                         0.03255897
    SCEL6_6_1_1_0_3_2/1           1      0.66666667          -0.04955971                    0.03645300    -0.05665417                         0.03136063
    SCEL6_6_1_1_0_3_2/2           1      0.66666667          -0.00624138                    0.06244400    -0.00231942                         0.06396148
    SCEL6_6_1_1_0_3_2/3           1      0.50000000          -0.05969965                    0.04851228    -0.06094512                         0.04608496
    SCEL6_6_1_1_0_3_2/4           1      0.50000000          -0.02704648                    0.07028106    -0.02736259                         0.06847331
    SCEL6_6_1_1_0_3_2/5           1      0.33333333          -0.04561542                    0.02293881    -0.04514635                         0.02411923
    SCEL6_6_1_1_0_3_2/6           1      0.33333333          -0.03310309                    0.03232306    -0.03305783                         0.03318561
    SCEL6_6_1_1_0_3_2/7           1      0.16666667          -0.00387353                    0.01283897    -0.00548653                         0.01632989
    SCEL6_6_1_1_0_5_5/0           1      0.83333333          -0.01697261                    0.03534182    -0.00962985                         0.04179753
    SCEL6_6_1_1_0_5_5/1           1      0.66666667          0.00419896                     0.06870820    -0.00135222                         0.06454180
    SCEL6_6_1_1_0_5_5/2           1      0.66666667          -0.02852254                    0.04907530    -0.02270529                         0.05172996
    SCEL6_6_1_1_0_5_5/3           1      0.50000000          0.00178652                     0.08950306    0.00744361                          0.09167745
    SCEL6_6_1_1_0_5_5/4           1      0.50000000          0.00978552                     0.09483572    0.00964866                          0.09314748
    SCEL6_6_1_1_0_5_5/5           1      0.33333333          0.02821958                     0.07831506    0.02937225                          0.08000817
    SCEL6_6_1_1_0_5_5/6           1      0.33333333          0.00408524                     0.06021431    0.00817356                          0.06410916
    SCEL6_6_1_1_0_5_5/7           1      0.16666667          0.02723197                     0.03950083    0.02642284                          0.04368078
    SCEL7_7_1_1_0_0_0/0           1      0.85714286          -0.00972695                    0.03405885    -0.00784617                         0.03584827
    SCEL7_7_1_1_0_0_0/1           1      0.71428571          -0.01015661                    0.05473333    -0.00555651                         0.05677136
    SCEL7_7_1_1_0_0_0/2           1      0.71428571          -0.00757232                    0.05624083    -0.01546681                         0.05099035
    SCEL7_7_1_1_0_0_0/3           1      0.57142857          -0.01032484                    0.07168568    -0.00901083                         0.07127092
    SCEL7_7_1_1_0_0_0/4           1      0.42857143          0.01702007                     0.08776142    0.01487881                          0.08563579
    SCEL7_7_1_1_0_0_0/5           1      0.57142857          -0.00357913                    0.07597841    -0.00868832                         0.07147615
    SCEL7_7_1_1_0_0_0/6           1      0.57142857          0.01384516                     0.08706659    0.01037510                          0.08360742
    SCEL7_7_1_1_0_0_0/7           1      0.42857143          0.01795249                     0.08841412    0.01873542                          0.08833542
    SCEL7_7_1_1_0_0_0/8           1      0.42857143          -0.00961008                    0.06912032    -0.01137439                         0.06725855
    SCEL7_7_1_1_0_0_0/9           1      0.28571429          0.02026698                     0.06252636    0.01985216                          0.06384087
    SCEL7_7_1_1_0_0_0/10          1      0.42857143          0.00700992                     0.08075432    0.01037150                          0.08248067
    SCEL7_7_1_1_0_0_0/11          1      0.28571429          0.03101383                     0.07088503    0.02920895                          0.07111838
    SCEL7_7_1_1_0_0_0/12          1      0.28571429          0.00936540                     0.05404736    0.01099717                          0.05695366
    SCEL7_7_1_1_0_0_0/13          1      0.14285714          0.02947217                     0.03498034    0.02668089                          0.03822068
    SCEL7_7_1_1_0_0_0/14          1      0.71428571          -0.00393804                    0.05836083    -0.00075106                         0.05957454
    SCEL7_7_1_1_0_0_0/15          1      0.57142857          0.01775230                     0.08955295    0.01675130                          0.08766500
    SCEL7_7_1_1_0_0_6/0           1      0.85714286          -0.02357552                    0.02660192    -0.02282260                         0.02778404
    SCEL7_7_1_1_0_0_6/1           1      0.71428571          -0.03759375                    0.03872833    -0.02997982                         0.04252443
    SCEL7_7_1_1_0_0_6/2           1      0.71428571          -0.01295518                    0.05310083    -0.00854091                         0.05503046
    SCEL7_7_1_1_0_0_6/3           1      0.42857143          0.00949792                     0.08249592    0.00713204                          0.08021305
    SCEL7_7_1_1_0_0_6/4           1      0.57142857          -0.00930341                    0.07233568    -0.00886302                         0.07136498
    SCEL7_7_1_1_0_0_6/5           1      0.57142857          -0.03906484                    0.05339659    -0.03635032                         0.05387306
    SCEL7_7_1_1_0_0_6/6           1      0.42857143          -0.01127422                    0.06795542    -0.01710408                         0.06324776
    SCEL7_7_1_1_0_0_6/7           1      0.42857143          0.01468321                     0.08612562    0.01309819                          0.08438935
    SCEL7_7_1_1_0_0_6/8           1      0.28571429          0.01757540                     0.06043292    0.01759190                          0.06208289
    SCEL7_7_1_1_0_0_6/9           1      0.42857143          0.00130878                     0.07676352    0.00539711                          0.07899860
    SCEL7_7_1_1_0_0_6/10          1      0.28571429          0.00500569                     0.05065647    0.00990606                          0.05610501
    SCEL7_7_1_1_0_0_6/11          1      0.14285714          0.02826731                     0.03392609    0.02732936                          0.03878809
    SCEL7_7_1_1_0_0_6/12          1      0.71428571          -0.04289232                    0.03563750    -0.04381513                         0.03445383
    SCEL7_7_1_1_0_0_6/13          1      0.57142857          -0.03736199                    0.05448023    -0.03928466                         0.05200575
    SCEL7_7_1_1_0_2_4/0           1      0.85714286          -0.04904552                    0.01288731    -0.05629535                         0.00976025
    SCEL7_7_1_1_0_2_4/1           1      0.71428571          -0.07829232                    0.01498750    -0.07302420                         0.01741521
    SCEL7_7_1_1_0_2_4/2           1      0.71428571          -0.07435518                    0.01728417    -0.07582150                         0.01578345
    SCEL7_7_1_1_0_2_4/3           1      0.57142857          -0.06074341                    0.03960114    -0.05602012                         0.04135591
    SCEL7_7_1_1_0_2_4/4           1      0.42857143          -0.04208536                    0.04638762    -0.04000302                         0.04721851
    SCEL7_7_1_1_0_2_4/5           1      0.57142857          -0.05752913                    0.04164659    -0.05211533                         0.04384078
    SCEL7_7_1_1_0_2_4/6           1      0.57142857          -0.09726484                    0.01636023    -0.09788172                         0.01471672
    SCEL7_7_1_1_0_2_4/7           1      0.42857143          -0.04075665                    0.04731772    -0.04397623                         0.04443726
    SCEL7_7_1_1_0_2_4/8           1      0.42857143          -0.00811579                    0.07016632    -0.00860626                         0.06919624
    SCEL7_7_1_1_0_2_4/9           1      0.28571429          -0.00890645                    0.03983592    -0.00995688                         0.04065606
    SCEL7_7_1_1_0_2_4/10          1      0.42857143          -0.08340893                    0.01746112    -0.08226400                         0.01763582
    SCEL7_7_1_1_0_2_4/11          1      0.28571429          -0.04770345                    0.00966047    -0.04434862                         0.01390693
    SCEL7_7_1_1_0_2_4/12          1      0.28571429          -0.00258288                    0.04475425    -0.00064789                         0.04789638
    SCEL7_7_1_1_0_2_4/13          1      0.14285714          0.00621931                     0.01463409    0.00612894                          0.02023772
    SCEL7_7_1_1_0_2_4/14          1      0.71428571          -0.07388232                    0.01756000    -0.07163205                         0.01822729
    SCEL7_7_1_1_0_2_4/15          1      0.57142857          -0.06047627                    0.03977114    -0.06351326                         0.03658755
    SCEL7_7_1_1_0_3_5/0           1      0.85714286          -0.06911838                    0.00207885    -0.07308999                         0.00071698
    SCEL7_7_1_1_0_3_5/1           1      0.71428571          -0.09473518                    0.00539583    -0.09665378                         0.00363129
    SCEL7_7_1_1_0_3_5/2           1      0.57142857          -0.08366341                    0.02501568    -0.08209970                         0.02475982
    SCEL7_7_1_1_0_3_5/3           1      0.57142857          -0.07941199                    0.02772114    -0.07800500                         0.02736554
    SCEL7_7_1_1_0_3_5/4           1      0.42857143          -0.04739308                    0.04267222    -0.04823664                         0.04145497
    SCEL7_7_1_1_0_3_5/5           1      0.42857143          -0.02272965                    0.05993663    -0.02771813                         0.05581792
    SCEL7_7_1_1_0_3_5/6           1      0.28571429          0.00703840                     0.05223747    0.00624004                          0.05325367
    SCEL7_7_1_1_0_3_5/7           1      0.14285714          0.03597203                     0.04066771    0.03705334                          0.04729657
    SCEL7_7_1_1_0_3_6/0           1      0.85714286          -0.06136409                    0.00625423    -0.05220363                         0.01196349
    SCEL7_7_1_1_0_3_6/1           1      0.71428571          -0.03709518                    0.03901917    -0.03713413                         0.03835108
    SCEL7_7_1_1_0_3_6/2           1      0.71428571          -0.10398518                    0.00000000    -0.09907402                         0.00221948
    SCEL7_7_1_1_0_3_6/3           1      0.57142857          -0.06650199                    0.03593659    -0.06117038                         0.03807848
    SCEL7_7_1_1_0_3_6/4           1      0.42857143          -0.01517193                    0.06522702    -0.00864413                         0.06916973
    SCEL7_7_1_1_0_3_6/5           1      0.57142857          -0.06898199                    0.03435841    -0.06852789                         0.03339643
    SCEL7_7_1_1_0_3_6/6           1      0.57142857          -0.07355484                    0.03144841    -0.06874766                         0.03325657
    SCEL7_7_1_1_0_3_6/7           1      0.42857143          -0.01935236                    0.06230072    -0.02495012                         0.05775554
    SCEL7_7_1_1_0_3_6/8           1      0.42857143          -0.04129408                    0.04694152    -0.04133546                         0.04628580
    SCEL7_7_1_1_0_3_6/9           1      0.28571429          0.00935312                     0.05403781    0.00574713                          0.05287029
    SCEL7_7_1_1_0_3_6/10          1      0.42857143          -0.02956779                    0.05514992    -0.03478137                         0.05087366
    SCEL7_7_1_1_0_3_6/11          1      0.28571429          0.01062426                     0.05502647    0.01255343                          0.05816408
    SCEL7_7_1_1_0_3_6/12          1      0.28571429          -0.00505617                    0.04283058    -0.00601478                         0.04372214
    SCEL7_7_1_1_0_3_6/13          1      0.14285714          0.02375574                     0.02997846    0.02640306                          0.03797758
    SCEL7_7_1_1_0_3_6/14          1      0.71428571          -0.06194375                    0.02452417    -0.06557761                         0.02175905
    SCEL7_7_1_1_0_3_6/15          1      0.57142857          -0.01410913                    0.06927750    -0.01413450                         0.06801040
    SCEL7_7_1_1_0_6_4/0           1      0.85714286          -0.03055409                    0.02284423    -0.04038482                         0.01832746
    SCEL7_7_1_1_0_6_4/1           1      0.71428571          -0.04214090                    0.03607583    -0.04038485                         0.03645483
    SCEL7_7_1_1_0_6_4/2           1      0.71428571          -0.02919518                    0.04362750    -0.02674167                         0.04441335
    SCEL7_7_1_1_0_6_4/3           1      0.57142857          -0.04523484                    0.04947023    -0.04344078                         0.04936095
    SCEL7_7_1_1_0_6_4/4           1      0.42857143          -0.00541351                    0.07205792    -0.00761778                         0.06988817
    SCEL7_7_1_1_0_6_4/5           1      0.57142857          -0.00293913                    0.07638568    -0.00389907                         0.07452386
    SCEL7_7_1_1_0_6_4/6           1      0.57142857          -0.04533341                    0.04940750    -0.04185993                         0.05036694
    SCEL7_7_1_1_0_6_4/7           1      0.42857143          -0.00032379                    0.07562073    -0.00819508                         0.06948406
    SCEL7_7_1_1_0_6_4/8           1      0.42857143          -0.00954136                    0.06916842    -0.00870146                         0.06912960
    SCEL7_7_1_1_0_6_4/9           1      0.28571429          0.02220869                     0.06403658    0.02316687                          0.06641898
    SCEL7_7_1_1_0_6_4/10          1      0.42857143          -0.00051808                    0.07548472    -0.00372335                         0.07261427
    SCEL7_7_1_1_0_6_4/11          1      0.28571429          0.03175455                     0.07146114    0.03207776                          0.07334967
    SCEL7_7_1_1_0_6_4/12          1      0.28571429          0.01027740                     0.05475669    0.00619339                          0.05321738
    SCEL7_7_1_1_0_6_4/13          1      0.14285714          0.03148060                     0.03673771    0.03657758                          0.04688028
    SCEL7_7_1_1_0_6_4/14          1      0.71428571          -0.08457232                    0.01132417    -0.08057410                         0.01301110
    SCEL7_7_1_1_0_6_4/15          1      0.57142857          -0.03574056                    0.05551205    -0.03959321                         0.05180941
    SCEL7_7_1_1_0_6_5/0           1      0.85714286          -0.04049981                    0.01748885    -0.04058348                         0.01822049
    SCEL7_7_1_1_0_6_5/1           1      0.71428571          -0.03080232                    0.04269000    -0.03290922                         0.04081561
    SCEL7_7_1_1_0_6_5/2           1      0.71428571          -0.03953090                    0.03759833    -0.03410633                         0.04011730
    SCEL7_7_1_1_0_6_5/3           1      0.57142857          -0.03011342                    0.05909295    -0.02969760                         0.05810661
    SCEL7_7_1_1_0_6_5/4           1      0.42857143          -0.01573622                    0.06483202    -0.01903393                         0.06189686
    SCEL7_7_1_1_0_6_5/5           1      0.57142857          -0.01149341                    0.07094205    -0.01304407                         0.06870431
    SCEL7_7_1_1_0_6_5/6           1      0.57142857          -0.07060056                    0.03332841    -0.07430083                         0.02972274
    SCEL7_7_1_1_0_6_5/7           1      0.42857143          -0.02273222                    0.05993482    -0.02583307                         0.05713747
    SCEL7_7_1_1_0_6_5/8           1      0.42857143          0.00546392                     0.07967212    0.00217035                          0.07673986
    SCEL7_7_1_1_0_6_5/9           1      0.28571429          -0.00708274                    0.04125436    -0.00564249                         0.04401170
    SCEL7_7_1_1_0_6_5/10          1      0.42857143          -0.03900993                    0.04854043    -0.03632558                         0.04979271
    SCEL7_7_1_1_0_6_5/11          1      0.28571429          -0.01032188                    0.03873503    -0.01134997                         0.03957254
    SCEL7_7_1_1_0_6_5/12          1      0.28571429          0.00193483                     0.04826803    0.00238976                          0.05025900
    SCEL7_7_1_1_0_6_5/13          1      0.14285714          0.01237017                     0.02001609    0.00992786                          0.02356178
    SCEL7_7_1_1_0_6_5/14          1      0.71428571          -0.07894090                    0.01460917    -0.07737264                         0.01487862
    SCEL7_7_1_1_0_6_5/15          1      0.57142857          -0.04837627                    0.04747114    -0.04101409                         0.05090520
    SCEL8_1_1_8_0_0_0/0           1      0.87500000          -0.01058020                    0.02976467    -0.00650841                         0.03148548
    SCEL8_1_1_8_0_0_0/1           1      0.75000000          0.00163884                     0.05716643    -0.00136644                         0.05541721
    SCEL8_1_1_8_0_0_0/2           1      0.50000000          0.01585568                     0.09888250    0.01257057                          0.09509542
    SCEL8_1_1_8_0_0_0/3           1      0.37500000          -0.00488277                    0.06209791    -0.00173096                         0.06455721
    SCEL8_1_1_8_0_0_0/4           1      0.75000000          -0.01721116                    0.04639500    -0.01317647                         0.04866862
    SCEL8_1_1_8_0_0_0/5           1      0.37500000          0.01136723                     0.07391609    0.01260371                          0.07498243
    SCEL8_1_1_8_0_0_0/6           1      0.25000000          0.01381890                     0.04950850    0.01315117                          0.05125829
    SCEL8_1_1_8_0_0_0/7           1      0.25000000          0.03338202                     0.06515900    0.02908648                          0.06400654
    SCEL8_1_1_8_0_0_0/8           1      0.12500000          0.03178469                     0.03202651    0.02687443                          0.03397394
    SCEL8_1_1_8_0_0_0/9           1      0.75000000          -0.00074741                    0.05580286    -0.00030019                         0.05602649
    SCEL8_1_1_8_0_0_0/10          1      0.62500000          0.00063914                     0.07168750    -0.00438897                         0.06758190
    SCEL8_1_1_8_0_0_0/11          1      0.50000000          0.00171943                     0.08945833    0.00006483                          0.08675826
    SCEL8_1_1_8_0_0_0/12          1      0.50000000          0.00881568                     0.09418917    0.00602853                          0.09073406
    SCEL8_1_1_8_0_0_0/13          1      0.62500000          -0.00453836                    0.06850135    -0.00046358                         0.06999752
    SCEL8_1_1_8_0_0_0/14          1      0.62500000          -0.02915586                    0.05335212    -0.02489010                         0.05496582
    SCEL8_1_1_8_0_0_0/15          1      0.50000000          0.00076443                     0.08882167    -0.00062464                         0.08629861
    SCEL8_1_1_8_0_0_0/16          1      0.37500000          0.00449973                     0.06892155    0.00248305                          0.06762195
    SCEL8_1_1_8_0_0_0/17          1      0.62500000          0.00485164                     0.07427981    0.00943520                          0.07608908
    SCEL8_1_1_8_0_0_0/18          1      0.50000000          0.02321943                     0.10379167    0.02474977                          0.10321489
    SCEL8_1_1_8_0_0_0/19          1      0.50000000          -0.00530932                    0.08477250    0.00127252                          0.08756339
    SCEL8_1_1_8_0_0_0/20          1      0.37500000          0.02028598                     0.08040245    0.01988585                          0.08027853
    SCEL8_1_1_8_0_0_0/21          1      0.37500000          0.02273473                     0.08218336    0.02217596                          0.08194406
    SCEL8_1_1_8_0_0_0/22          1      0.25000000          0.02130252                     0.05549540    0.02086299                          0.05742775
    SCEL8_2_2_2_0_0_0/0           1      0.87500000          -0.04463270                    0.01160333    -0.05647356                         0.00483741
    SCEL8_2_2_2_0_0_0/1           1      0.62500000          -0.07666961                    0.02411288    -0.07393841                         0.02478224
    SCEL8_2_2_2_0_0_0/2           1      0.50000000          -0.01010432                    0.08157583    -0.00742285                         0.08176647
    SCEL8_2_2_2_0_0_0/3           1      0.37500000          -0.00494527                    0.06205245    -0.00078600                         0.06524446
    SCEL8_2_2_2_0_0_0/4           1      0.50000000          -0.03823057                    0.06282500    -0.03948740                         0.06039010
    SCEL8_2_2_2_0_0_0/5           1      0.62500000          -0.02757211                    0.05432673    -0.02638995                         0.05404284
    SCEL8_2_2_2_0_0_0/6           1      0.37500000          -0.02307402                    0.04886791    -0.03077344                         0.04343541
    SCEL8_2_2_2_0_0_0/7           1      0.12500000          0.01653294                     0.01846940    0.00956759                          0.01859009
    SCEL8_2_4_1_0_1_1/0           1      0.87500000          -0.04835895                    0.00961600    -0.04601544                         0.01041507
    SCEL8_2_4_1_0_1_1/1           1      0.75000000          -0.04654491                    0.02963286    -0.04997088                         0.02764324
    SCEL8_2_4_1_0_1_1/2           1      0.50000000          -0.03633057                    0.06409167    -0.03973532                         0.06022483
    SCEL8_2_4_1_0_1_1/3           1      0.37500000          -0.00978277                    0.05853427    -0.00652258                         0.06107240
    SCEL8_2_4_1_0_1_1/4           1      0.75000000          -0.09124241                    0.00409143    -0.09117893                         0.00409578
    SCEL8_2_4_1_0_1_1/5           1      0.37500000          -0.00327527                    0.06326700    -0.00775122                         0.06017884
    SCEL8_2_4_1_0_1_1/6           1      0.25000000          0.01087615                     0.04715430    0.01285631                          0.05102240
    SCEL8_2_4_1_0_1_1/7           1      0.25000000          0.01803365                     0.05288030    0.01940132                          0.05625841
    SCEL8_2_4_1_0_1_1/8           1      0.12500000          0.02593019                     0.02682251    0.03096553                          0.03761048
    SCEL8_2_4_1_0_1_1/9           1      0.62500000          -0.05353336                    0.03835058    -0.04963205                         0.03974001
    SCEL8_2_4_1_0_1_1/10          1      0.75000000          -0.04867741                    0.02841429    -0.05626749                         0.02404518
    SCEL8_2_4_1_0_1_1/11          1      0.62500000          -0.06963336                    0.02844288    -0.06524010                         0.03013505
    SCEL8_2_4_1_0_1_1/12          1      0.50000000          -0.02674932                    0.07047917    -0.02688595                         0.06879107
    SCEL8_2_4_1_0_1_1/13          1      0.50000000          -0.02703057                    0.07029167    -0.02725739                         0.06854345
    SCEL8_2_4_1_0_1_1/14          1      0.62500000          -0.01263711                    0.06351750    -0.02162264                         0.05697656
    SCEL8_2_4_1_0_1_1/15          1      0.62500000          -0.05736961                    0.03598981    -0.06379118                         0.03102669
    SCEL8_2_4_1_0_1_1/16          1      0.50000000          -0.02367807                    0.07252667    -0.02903266                         0.06735993
    SCEL8_2_4_1_0_1_1/17          1      0.37500000          0.00552348                     0.06966609    0.00225504                          0.06745612
    SCEL8_2_4_1_0_1_1/18          1      0.62500000          -0.05891336                    0.03503981    -0.06267488                         0.03171365
    SCEL8_2_4_1_0_1_1/19          1      0.50000000          -0.02059682                    0.07458083    -0.02263571                         0.07162457
    SCEL8_2_4_1_0_1_1/20          1      0.50000000          -0.03508057                    0.06492500    -0.03482550                         0.06349804
    SCEL8_2_4_1_0_1_1/21          1      0.37500000          0.00102973                     0.06639791    -0.00758449                         0.06030010
    SCEL8_2_4_1_0_1_1/22          1      0.37500000          0.00507848                     0.06934245    0.00576124                          0.07000608
    SCEL8_2_4_1_0_1_1/23          1      0.25000000          0.01596515                     0.05122550    0.02266136                          0.05886644
    SCEL8_2_4_1_1_0_1/0           1      0.87500000          -0.05844020                    0.00423933    -0.06180439                         0.00199430
    SCEL8_2_4_1_1_0_1/1           1      0.75000000          -0.09713116                    0.00072643    -0.09445227                         0.00222530
    SCEL8_2_4_1_1_0_1/2           1      0.75000000          -0.07177366                    0.01521643    -0.07044750                         0.01594232
    SCEL8_2_4_1_1_0_1/3           1      0.62500000          -0.07897836                    0.02269212    -0.07525524                         0.02397189
    SCEL8_2_4_1_1_0_1/4           1      0.62500000          -0.09732086                    0.01140442    -0.09756147                         0.01024497
    SCEL8_2_4_1_1_0_1/5           1      0.50000000          -0.07830932                    0.03610583    -0.07379441                         0.03751877
    SCEL8_2_4_1_1_0_1/6           1      0.62500000          -0.07010461                    0.02815288    -0.06565870                         0.02987745
    SCEL8_2_4_1_1_0_1/7           1      0.62500000          -0.02795961                    0.05408827    -0.02475186                         0.05505089
    SCEL8_2_4_1_1_0_1/8           1      0.50000000          -0.02221932                    0.07349917    -0.03232201                         0.06516704
    SCEL8_2_4_1_1_0_1/9           1      0.50000000          -0.06400432                    0.04564250    -0.06008569                         0.04665791
    SCEL8_2_4_1_1_0_1/10          1      0.37500000          -0.01722902                    0.05311882    -0.02248433                         0.04946385
    SCEL8_2_4_1_1_0_1/11          1      0.50000000          -0.02059557                    0.07458167    -0.02003126                         0.07336087
    SCEL8_2_4_1_1_0_1/12          1      0.37500000          -0.00303777                    0.06343973    -0.00473614                         0.06237163
    SCEL8_2_4_1_1_0_1/13          1      0.37500000          0.00786223                     0.07136700    0.00850682                          0.07200287
    SCEL8_2_4_1_1_0_1/14          1      0.25000000          0.03124515                     0.06344950    0.03941854                          0.07227218
    SCEL8_2_4_1_1_0_1/15          1      0.37500000          -0.02220027                    0.04950336    -0.02213400                         0.04971864
    SCEL8_2_4_1_1_0_1/16          1      0.25000000          -0.01115685                    0.02952790    -0.00812434                         0.03423788
    SCEL8_2_4_1_1_0_1/17          1      0.12500000          0.03139132                     0.03167684    0.03677320                          0.04277285
    SCEL8_2_4_1_1_1_0/0           1      0.87500000          -0.03258520                    0.01802867    -0.04045507                         0.01338060
    SCEL8_2_4_1_1_1_0/1           1      0.75000000          -0.06781866                    0.01747643    -0.06721809                         0.01778769
    SCEL8_2_4_1_1_1_0/2           1      0.37500000          -0.01883652                    0.05194973    -0.01559014                         0.05447781
    SCEL8_2_4_1_1_1_0/3           1      0.50000000          -0.02506432                    0.07160250    -0.02360378                         0.07097919
    SCEL8_2_4_1_1_1_0/4           1      0.37500000          -0.00785152                    0.05993882    -0.01098353                         0.05782807
    SCEL8_2_4_1_1_1_0/5           1      0.25000000          0.01795065                     0.05281390    0.01903019                          0.05596151
    SCEL8_2_4_1_1_1_0/6           1      0.12500000          0.01738532                     0.01922707    0.01854958                          0.02657408
    SCEL8_2_4_1_1_1_0/7           1      0.50000000          -0.04289932                    0.05971250    -0.04402759                         0.05736331
    SCEL8_2_4_1_1_1_0/8           1      0.62500000          -0.06729211                    0.02988365    -0.06340068                         0.03126700
    SCEL8_2_4_1_1_1_0/9           1      0.62500000          0.00193164                     0.07248288    0.00526573                          0.07352325
    SCEL8_2_4_1_1_1_0/10          1      0.62500000          -0.01310461                    0.06322981    -0.01131799                         0.06331789
    SCEL8_2_4_1_1_1_0/11          1      0.50000000          -0.00846807                    0.08266667    -0.01218122                         0.07859423
    SCEL8_2_4_1_1_1_0/12          1      0.37500000          0.01110598                     0.07372609    0.00271524                          0.06779081
    SCEL8_4_1_2_0_0_0/0           1      0.87500000          -0.04831645                    0.00963867    -0.04512558                         0.01088966
    SCEL8_4_1_2_0_0_0/1           1      0.75000000          -0.05693116                    0.02369786    -0.05587134                         0.02427155
    SCEL8_4_1_2_0_0_0/2           1      0.50000000          -0.02160682                    0.07390750    -0.02525153                         0.06988068
    SCEL8_4_1_2_0_0_0/3           1      0.37500000          0.00467473                     0.06904882    0.00591672                          0.07011916
    SCEL8_4_1_2_0_0_0/4           1      0.62500000          -0.07140336                    0.02735365    -0.06448283                         0.03060106
    SCEL8_4_1_2_0_0_0/5           1      0.25000000          0.01787590                     0.05275410    0.02433908                          0.06020862
    SCEL8_4_1_2_0_0_0/6           1      0.75000000          -0.04067241                    0.03298857    -0.04745535                         0.02908069
    SCEL8_4_1_2_0_0_0/7           1      0.62500000          -0.05866086                    0.03519519    -0.06331181                         0.03132169
    SCEL8_4_1_2_0_0_0/8           1      0.62500000          -0.05999086                    0.03437673    -0.06027507                         0.03319045
    SCEL8_4_1_2_0_0_0/9           1      0.50000000          -0.03339057                    0.06605167    -0.03410536                         0.06397814
    SCEL8_4_1_2_0_0_0/10          1      0.62500000          -0.05036961                    0.04029750    -0.04710110                         0.04129751
    SCEL8_4_1_2_0_0_0/11          1      0.37500000          -0.00056527                    0.06523791    -0.00292419                         0.06368941
    SCEL8_4_1_2_0_0_0/12          1      0.50000000          -0.02819307                    0.06951667    -0.02830988                         0.06784178
    SCEL8_4_1_2_0_0_0/13          1      0.62500000          -0.01319961                    0.06317135    -0.02105667                         0.05732485
    SCEL8_4_1_2_0_0_0/14          1      0.37500000          -0.00941527                    0.05880155    -0.00628050                         0.06124846
    SCEL8_4_1_2_0_0_0/15          1      0.50000000          -0.03476682                    0.06513417    -0.03324165                         0.06455394
    SCEL8_4_1_2_0_0_0/16          1      0.37500000          -0.00538402                    0.06173336    -0.01200195                         0.05708740
    SCEL8_4_1_2_0_0_0/17          1      0.25000000          0.02044615                     0.05481030    0.01769775                          0.05489556
    SCEL8_4_1_2_0_0_0/18          1      0.37500000          0.00093223                     0.06632700    -0.00060264                         0.06537781
    SCEL8_4_1_2_0_0_0/19          1      0.12500000          0.03082419                     0.03117273    0.03079713                          0.03746078
    SCEL8_4_1_2_0_0_0/20          1      0.50000000          -0.02775682                    0.06980750    -0.02282721                         0.07149690
    SCEL8_4_1_2_0_0_1/0           1      0.87500000          -0.05163645                    0.00786800    -0.06120192                         0.00231561
    SCEL8_4_1_2_0_0_1/1           1      0.75000000          -0.09509491                    0.00189000    -0.09372332                         0.00264185
    SCEL8_4_1_2_0_0_1/2           1      0.62500000          -0.08946961                    0.01623596    -0.08144763                         0.02016119
    SCEL8_4_1_2_0_0_1/3           1      0.50000000          -0.03468182                    0.06519083    -0.03528311                         0.06319297
    SCEL8_4_1_2_0_0_1/4           1      0.37500000          0.00561098                     0.06972973    0.00283296                          0.06787643
    SCEL8_4_1_2_0_0_1/5           1      0.62500000          -0.09955211                    0.01003135    -0.08834171                         0.01591868
    SCEL8_4_1_2_0_0_1/6           1      0.37500000          -0.02879402                    0.04470791    -0.02439716                         0.04807271
    SCEL8_4_1_2_0_0_1/7           1      0.50000000          -0.03032432                    0.06809583    -0.03422479                         0.06389851
    SCEL8_4_1_2_0_0_1/8           1      0.37500000          0.00154723                     0.06677427    -0.00137558                         0.06481567
    SCEL8_4_1_2_0_0_1/9           1      0.25000000          0.01642940                     0.05159690    0.01840471                          0.05546112
    SCEL8_4_1_2_0_0_1/10          1      0.12500000          0.01897007                     0.02063573    0.02148080                          0.02917960
    SCEL8_4_1_2_0_0_1/11          1      0.50000000          -0.04578307                    0.05779000    -0.05005642                         0.05334409
    SCEL8_4_1_2_0_0_1/12          1      0.50000000          -0.08039307                    0.03471667    -0.07955685                         0.03367714
    SCEL8_4_1_2_0_0_1/13          1      0.37500000          -0.03951277                    0.03691245    -0.05460726                         0.02610172
    SCEL8_4_1_2_0_0_1/14          1      0.62500000          -0.07043086                    0.02795212    -0.06548465                         0.02998456
    SCEL8_4_1_2_0_0_1/15          1      0.62500000          -0.02229211                    0.05757596    -0.02281596                         0.05624221
    SCEL8_4_1_2_0_1_0/0           1      0.87500000          -0.03982520                    0.01416733    -0.04039450                         0.01341290
    SCEL8_4_1_2_0_1_0/1           1      0.75000000          -0.03187116                    0.03801786    -0.03126047                         0.03833491
    SCEL8_4_1_2_0_1_0/2           1      0.50000000          -0.02172557                    0.07382833    -0.01863489                         0.07429178
    SCEL8_4_1_2_0_1_0/3           1      0.37500000          -0.00636527                    0.06101973    -0.00345240                         0.06330525
    SCEL8_4_1_2_0_1_0/4           1      0.75000000          -0.03972491                    0.03353000    -0.04202328                         0.03218473
    SCEL8_4_1_2_0_1_0/5           1      0.37500000          0.01252848                     0.07476064    0.00867536                          0.07212545
    SCEL8_4_1_2_0_1_0/6           1      0.25000000          0.02028340                     0.05468010    0.02595483                          0.06150122
    SCEL8_4_1_2_0_1_0/7           1      0.25000000          0.03276665                     0.06466670    0.03381249                          0.06778735
    SCEL8_4_1_2_0_1_0/8           1      0.12500000          0.03436332                     0.03431862    0.03432981                          0.04060095
    SCEL8_4_1_2_0_1_0/9           1      0.62500000          0.00119539                     0.07202981    -0.00433308                         0.06761630
    SCEL8_4_1_2_0_1_0/10          1      0.75000000          -0.06421866                    0.01953357    -0.06823621                         0.01720591
    SCEL8_4_1_2_0_1_0/11          1      0.62500000          -0.03376211                    0.05051750    -0.03510335                         0.04868075
    SCEL8_4_1_2_0_1_0/12          1      0.50000000          -0.03335057                    0.06607833    -0.03081664                         0.06617061
    SCEL8_4_1_2_0_1_0/13          1      0.50000000          0.00284818                     0.09021083    0.00653162                          0.09106945
    SCEL8_4_1_2_0_1_0/14          1      0.62500000          -0.06895336                    0.02886135    -0.06624933                         0.02951398
    SCEL8_4_1_2_0_1_0/15          1      0.62500000          -0.06235836                    0.03291981    -0.06150578                         0.03243309
    SCEL8_4_1_2_0_1_0/16          1      0.50000000          -0.02707307                    0.07026333    -0.02755797                         0.06834306
    SCEL8_4_1_2_0_1_0/17          1      0.37500000          -0.00326777                    0.06327245    -0.00306307                         0.06358841
    SCEL8_4_1_2_0_1_0/18          1      0.62500000          -0.06930961                    0.02864212    -0.05594575                         0.03585465
    SCEL8_4_1_2_0_1_0/19          1      0.50000000          -0.02054807                    0.07461333    -0.02474536                         0.07021813
    SCEL8_4_1_2_0_1_0/20          1      0.50000000          -0.03239807                    0.06671333    -0.03696552                         0.06207136
    SCEL8_4_1_2_0_1_0/21          1      0.37500000          0.00246473                     0.06744155    0.00391350                          0.06866227
    SCEL8_4_1_2_0_1_0/22          1      0.37500000          0.00293098                     0.06778064    -0.00580092                         0.06159724
    SCEL8_4_1_2_0_1_0/23          1      0.25000000          0.01531365                     0.05070430    0.00743713                          0.04668706
    SCEL8_4_1_2_0_1_2/0           1      0.87500000          -0.06357395                    0.00150133    -0.06393807                         0.00085633
    SCEL8_4_1_2_0_1_2/1           1      0.75000000          -0.07842116                    0.01141786    -0.07805586                         0.01159468
    SCEL8_4_1_2_0_1_2/2           1      0.50000000          -0.07271557                    0.03983500    -0.06628278                         0.04252652
    SCEL8_4_1_2_0_1_2/3           1      0.37500000          0.00672598                     0.07054064    0.00552691                          0.06983566
    SCEL8_4_1_2_0_1_2/4           1      0.75000000          -0.09263866                    0.00329357    -0.09569348                         0.00151604
    SCEL8_4_1_2_0_1_2/5           1      0.37500000          -0.04610027                    0.03212155    -0.04686508                         0.03173240
    SCEL8_4_1_2_0_1_2/6           1      0.25000000          0.02245915                     0.05642070    0.02617460                          0.06167703
    SCEL8_4_1_2_0_1_2/7           1      0.25000000          -0.01144798                    0.02929500    -0.00851146                         0.03392819
    SCEL8_4_1_2_0_1_2/8           1      0.12500000          0.02722382                     0.02797240    0.03091004                          0.03756115
    SCEL8_4_1_2_0_1_2/9           1      0.62500000          -0.07727586                    0.02373981    -0.07579326                         0.02364080
    SCEL8_4_1_2_0_1_2/10          1      0.75000000          -0.07642241                    0.01256000    -0.07828917                         0.01146136
    SCEL8_4_1_2_0_1_2/11          1      0.62500000          -0.07212711                    0.02690827    -0.07076266                         0.02673655
    SCEL8_4_1_2_0_1_2/12          1      0.50000000          -0.05267057                    0.05319833    -0.05101541                         0.05270477
    SCEL8_4_1_2_0_1_2/13          1      0.50000000          -0.04222307                    0.06016333    -0.04219792                         0.05858309
    SCEL8_4_1_2_0_1_2/14          1      0.62500000          -0.06875461                    0.02898365    -0.07135928                         0.02636940
    SCEL8_4_1_2_0_1_2/15          1      0.62500000          -0.08646336                    0.01808596    -0.08629265                         0.01717964
    SCEL8_4_1_2_0_1_2/16          1      0.50000000          -0.04022932                    0.06149250    -0.04124156                         0.05922067
    SCEL8_4_1_2_0_1_2/17          1      0.37500000          -0.00830527                    0.05960882    -0.00664377                         0.06098426
    SCEL8_4_1_2_0_1_2/18          1      0.62500000          -0.09191461                    0.01473135    -0.08821848                         0.01599451
    SCEL8_4_1_2_0_1_2/19          1      0.50000000          -0.04811682                    0.05623417    -0.04930829                         0.05384285
    SCEL8_4_1_2_0_1_2/20          1      0.50000000          -0.05434932                    0.05207917    -0.05567188                         0.04960045
    SCEL8_4_1_2_0_1_2/21          1      0.37500000          -0.01208402                    0.05686064    -0.01380410                         0.05577674
    SCEL8_4_1_2_0_1_2/22          1      0.37500000          -0.01294777                    0.05623245    -0.01773205                         0.05292006
    SCEL8_4_1_2_0_1_2/23          1      0.25000000          0.01919390                     0.05380850    0.01951794                          0.05635170
    SCEL8_4_2_1_0_0_2/0           1      0.87500000          -0.03183395                    0.01842933    -0.03635305                         0.01556834
    SCEL8_4_2_1_0_0_2/1           1      0.75000000          -0.05320116                    0.02582929    -0.04646494                         0.02964664
    SCEL8_4_2_1_0_0_2/2           1      0.62500000          -0.06147461                    0.03346365    -0.06008655                         0.03330647
    SCEL8_4_2_1_0_0_2/3           1      0.50000000          -0.02818307                    0.06952333    -0.02889885                         0.06744914
    SCEL8_4_2_1_0_0_2/4           1      0.37500000          -0.00724902                    0.06037700    -0.00682603                         0.06085171
    SCEL8_4_2_1_0_0_2/5           1      0.62500000          -0.03911961                    0.04722058    -0.03232127                         0.05039279
    SCEL8_4_2_1_0_0_2/6           1      0.37500000          -0.00268277                    0.06369791    -0.00649570                         0.06109195
    SCEL8_4_2_1_0_0_2/7           1      0.50000000          -0.03217432                    0.06686250    -0.03264251                         0.06495337
    SCEL8_4_2_1_0_0_2/8           1      0.37500000          -0.00937152                    0.05883336    -0.00884678                         0.05938207
    SCEL8_4_2_1_0_0_2/9           1      0.25000000          0.01662402                     0.05175260    0.01818743                          0.05528729
    SCEL8_4_2_1_0_0_2/10          1      0.12500000          0.03101557                     0.03134284    0.02768627                          0.03469558
    SCEL8_4_2_1_0_0_2/11          1      0.50000000          -0.02064682                    0.07454750    -0.02196543                         0.07207142
    SCEL8_4_2_1_0_0_2/12          1      0.50000000          -0.04111557                    0.06090167    -0.04271469                         0.05823858
    SCEL8_4_2_1_0_0_2/13          1      0.37500000          -0.00475277                    0.06219245    -0.00704133                         0.06069513
    SCEL8_4_2_1_0_0_2/14          1      0.62500000          -0.04251586                    0.04513058    -0.04631137                         0.04178350
    SCEL8_4_2_1_0_0_2/15          1      0.62500000          -0.04780961                    0.04187288    -0.04393566                         0.04324548
    SCEL8_4_2_1_1_2_0/0           1      0.87500000          -0.06638895                    0.00000000    -0.06554369                         0.00000000
    SCEL8_4_2_1_1_2_0/1           1      0.75000000          -0.03826241                    0.03436571    -0.04306266                         0.03159080
    SCEL8_4_2_1_1_2_0/2           1      0.62500000          -0.06092336                    0.03380288    -0.06409174                         0.03084173
    SCEL8_4_2_1_1_2_0/3           1      0.75000000          -0.09840241                    0.00000000    -0.09834655                         0.00000000
    SCEL8_4_2_1_1_2_0/4           1      0.62500000          -0.07517086                    0.02503519    -0.07841558                         0.02202706
    SCEL8_4_2_1_1_2_0/5           1      0.62500000          -0.02691336                    0.05473212    -0.02448661                         0.05521412
    SCEL8_4_2_1_1_2_0/6           1      0.50000000          -0.02949432                    0.06864917    -0.03697085                         0.06206781
    SCEL8_4_2_1_1_2_0/7           1      0.62500000          -0.08444461                    0.01932827    -0.08117655                         0.02032800
    SCEL8_4_2_1_1_2_0/8           1      0.37500000          -0.00202152                    0.06417882    -0.00452671                         0.06252394
    SCEL8_4_2_1_1_2_0/9           1      0.50000000          -0.03431557                    0.06543500    -0.03560560                         0.06297797
    SCEL8_4_2_1_1_2_0/10          1      0.37500000          0.00090973                     0.06631064    -0.00209802                         0.06429026
    SCEL8_4_2_1_1_2_0/11          1      0.50000000          -0.03272557                    0.06649500    -0.03035797                         0.06647639
    SCEL8_4_2_1_1_2_0/12          1      0.37500000          -0.02917152                    0.04443336    -0.02730652                         0.04595680
    SCEL8_4_2_1_1_2_0/13          1      0.25000000          -0.00988373                    0.03054640    -0.00528760                         0.03650728
    SCEL8_4_2_1_1_2_0/14          1      0.37500000          0.00472223                     0.06908336    0.01242771                          0.07485443
    SCEL8_4_2_1_1_2_0/15          1      0.12500000          0.02881632                     0.02938796    0.02567802                          0.03291047
    SCEL8_4_2_1_1_2_0/16          1      0.50000000          -0.03121182                    0.06750417    -0.02979530                         0.06685151
    SCEL8_4_2_1_1_2_0/17          1      0.25000000          0.02930577                     0.06189800    0.03585269                          0.06941951
    SCEL8_4_2_1_1_3_1/0           1      0.87500000          -0.05002270                    0.00872867    -0.04865211                         0.00900884
    SCEL8_4_2_1_1_3_1/1           1      0.75000000          -0.08250616                    0.00908357    -0.08005560                         0.01045198
    SCEL8_4_2_1_1_3_1/2           1      0.75000000          -0.03239491                    0.03771857    -0.02341548                         0.04281775
    SCEL8_4_2_1_1_3_1/3           1      0.62500000          -0.06874086                    0.02899212    -0.06380795                         0.03101637
    SCEL8_4_2_1_1_3_1/4           1      0.62500000          -0.04152336                    0.04574135    -0.04101490                         0.04504287
    SCEL8_4_2_1_1_3_1/5           1      0.50000000          -0.03322432                    0.06616250    -0.03684830                         0.06214950
    SCEL8_4_2_1_1_3_1/6           1      0.62500000          -0.06715086                    0.02997058    -0.06790496                         0.02849514
    SCEL8_4_2_1_1_3_1/7           1      0.62500000          -0.00729711                    0.06680365    0.00158915                          0.07126074
    SCEL8_4_2_1_1_3_1/8           1      0.50000000          -0.01622557                    0.07749500    -0.01720915                         0.07524227
    SCEL8_4_2_1_1_3_1/9           1      0.50000000          -0.01911307                    0.07557000    -0.01865153                         0.07428069
    SCEL8_4_2_1_1_3_1/10          1      0.37500000          0.00260473                     0.06754336    0.00240580                          0.06756577
    SCEL8_4_2_1_1_3_1/11          1      0.50000000          -0.05655182                    0.05061083    -0.05967229                         0.04693351
    SCEL8_4_2_1_1_3_1/12          1      0.37500000          -0.01184027                    0.05703791    -0.01582190                         0.05430926
    SCEL8_4_2_1_1_3_1/13          1      0.37500000          0.00970348                     0.07270609    0.00411093                          0.06880586
    SCEL8_4_2_1_1_3_1/14          1      0.25000000          0.01648952                     0.05164500    0.02457084                          0.06039403
    SCEL8_4_2_1_1_3_1/15          1      0.37500000          -0.02165027                    0.04990336    -0.01858847                         0.05229721
    SCEL8_4_2_1_1_3_1/16          1      0.25000000          -0.01196723                    0.02887960    -0.01098256                         0.03195131
    SCEL8_4_2_1_1_3_1/17          1      0.12500000          0.01794319                     0.01972296    0.02283073                          0.03037955
    SCEL8_4_2_1_1_3_2/0           1      0.87500000          -0.02581145                    0.02164133    -0.01993595                         0.02432413
    SCEL8_4_2_1_1_3_2/1           1      0.75000000          -0.04642241                    0.02970286    -0.04361345                         0.03127606
    SCEL8_4_2_1_1_3_2/2           1      0.62500000          -0.00346711                    0.06916058    -0.00045196                         0.07000467
    SCEL8_4_2_1_1_3_2/3           1      0.50000000          -0.03204932                    0.06694583    -0.03152310                         0.06569964
    SCEL8_4_2_1_1_3_2/4           1      0.37500000          -0.01386902                    0.05556245    -0.00604632                         0.06141876
    SCEL8_4_2_1_1_3_2/5           1      0.62500000          -0.07188336                    0.02705827    -0.07500319                         0.02412699
    SCEL8_4_2_1_1_3_2/6           1      0.37500000          -0.03066402                    0.04334791    -0.02881749                         0.04485792
    SCEL8_4_2_1_1_3_2/7           1      0.50000000          0.00604568                     0.09234250    0.00816622                          0.09215919
    SCEL8_4_2_1_1_3_2/8           1      0.37500000          -0.02090527                    0.05044518    -0.02151469                         0.05016905
    SCEL8_4_2_1_1_3_2/9           1      0.25000000          -0.02255148                    0.02041220    -0.02455382                         0.02109430
    SCEL8_4_2_1_1_3_2/10          1      0.12500000          -0.00185156                    0.00212762    -0.00672276                         0.00410978
    SCEL8_4_2_1_1_3_2/11          1      0.50000000          -0.05859557                    0.04924833    -0.05603560                         0.04935797
    SCEL8_4_2_1_1_3_2/12          1      0.50000000          -0.03365057                    0.06587833    -0.03347916                         0.06439560
    SCEL8_4_2_1_1_3_2/13          1      0.37500000          -0.06552652                    0.01799336    -0.06486763                         0.01863964
    SCEL8_4_2_1_1_3_2/14          1      0.62500000          -0.03460336                    0.04999981    -0.03655966                         0.04778455
    SCEL8_4_2_1_1_3_2/15          1      0.62500000          -0.00394711                    0.06886519    -0.00496453                         0.06722771
    SCEL8_8_1_1_0_0_3/0           1      0.87500000          -0.03100020                    0.01887400    -0.03558421                         0.01597839
    SCEL8_8_1_1_0_0_3/1           1      0.75000000          -0.04648491                    0.02966714    -0.04441746                         0.03081663
    SCEL8_8_1_1_0_0_3/2           1      0.75000000          -0.07951741                    0.01079143    -0.07134502                         0.01542945
    SCEL8_8_1_1_0_0_3/3           1      0.62500000          -0.04139461                    0.04582058    -0.04278372                         0.04395436
    SCEL8_8_1_1_0_0_3/4           1      0.62500000          -0.06613586                    0.03059519    -0.06189468                         0.03219377
    SCEL8_8_1_1_0_0_3/5           1      0.50000000          -0.03359807                    0.06591333    -0.03338642                         0.06445743
    SCEL8_8_1_1_0_0_3/6           1      0.62500000          -0.03855461                    0.04756827    -0.03104263                         0.05117965
    SCEL8_8_1_1_0_0_3/7           1      0.62500000          -0.04832086                    0.04155827    -0.04563318                         0.04220085
    SCEL8_8_1_1_0_0_3/8           1      0.50000000          -0.02755682                    0.06994083    -0.02880794                         0.06750975
    SCEL8_8_1_1_0_0_3/9           1      0.50000000          -0.04138932                    0.06071917    -0.04523435                         0.05655881
    SCEL8_8_1_1_0_0_3/10          1      0.37500000          -0.01114277                    0.05754518    -0.01185315                         0.05719562
    SCEL8_8_1_1_0_0_3/11          1      0.50000000          -0.02029807                    0.07478000    -0.01926394                         0.07387241
    SCEL8_8_1_1_0_0_3/12          1      0.37500000          -0.00078777                    0.06507609    -0.00499370                         0.06218431
    SCEL8_8_1_1_0_0_3/13          1      0.37500000          -0.00813277                    0.05973427    -0.00822905                         0.05983132
    SCEL8_8_1_1_0_0_3/14          1      0.25000000          0.01588440                     0.05116090    0.01632176                          0.05379476
    SCEL8_8_1_1_0_0_3/15          1      0.37500000          -0.00154152                    0.06452791    -0.00470726                         0.06239263
    SCEL8_8_1_1_0_0_3/16          1      0.25000000          0.00862652                     0.04535460    0.00750655                          0.04674259
    SCEL8_8_1_1_0_0_3/17          1      0.12500000          0.03024907                     0.03066151    0.02700834                          0.03409297
    SCEL8_8_1_1_0_0_5/0           1      0.87500000          -0.02549020                    0.02181267    -0.03325543                         0.01722041
    SCEL8_8_1_1_0_0_5/1           1      0.75000000          -0.04420616                    0.03096929    -0.03611135                         0.03556297
    SCEL8_8_1_1_0_0_5/2           1      0.75000000          -0.04988116                    0.02772643    -0.05229485                         0.02631526
    SCEL8_8_1_1_0_0_5/3           1      0.62500000          -0.01369461                    0.06286673    -0.01327062                         0.06211627
    SCEL8_8_1_1_0_0_5/4           1      0.62500000          -0.06506086                    0.03125673    -0.05126047                         0.03873790
    SCEL8_8_1_1_0_0_5/5           1      0.50000000          -0.01143307                    0.08069000    -0.01269633                         0.07825082
    SCEL8_8_1_1_0_0_5/6           1      0.62500000          -0.03856961                    0.04755904    -0.03810698                         0.04683236
    SCEL8_8_1_1_0_0_5/7           1      0.62500000          -0.05307086                    0.03863519    -0.04367214                         0.04340764
    SCEL8_8_1_1_0_0_5/8           1      0.50000000          -0.02150307                    0.07397667    -0.01663689                         0.07562378
    SCEL8_8_1_1_0_0_5/9           1      0.50000000          -0.03831307                    0.06277000    -0.04058635                         0.05965747
    SCEL8_8_1_1_0_0_5/10          1      0.37500000          0.00255223                     0.06750518    0.00499910                          0.06945180
    SCEL8_8_1_1_0_0_5/11          1      0.50000000          0.00583318                     0.09220083    0.00918459                          0.09283810
    SCEL8_8_1_1_0_0_5/12          1      0.37500000          0.01634473                     0.07753609    0.01678018                          0.07801986
    SCEL8_8_1_1_0_0_5/13          1      0.37500000          -0.00295527                    0.06349973    -0.00321126                         0.06348063
    SCEL8_8_1_1_0_0_5/14          1      0.25000000          0.02832002                     0.06110940    0.02884673                          0.06381473
    SCEL8_8_1_1_0_0_5/15          1      0.37500000          0.00690848                     0.07067336    0.00784240                          0.07151965
    SCEL8_8_1_1_0_0_5/16          1      0.25000000          0.02471502                     0.05822540    0.02928204                          0.06416299
    SCEL8_8_1_1_0_0_5/17          1      0.12500000          0.03461219                     0.03453984    0.03567923                          0.04180043
    SCEL8_8_1_1_0_0_6/0           1      0.87500000          -0.05387020                    0.00667667    -0.04707009                         0.00985259
    SCEL8_8_1_1_0_0_6/1           1      0.75000000          -0.04327991                    0.03149857    -0.03679053                         0.03517487
    SCEL8_8_1_1_0_0_6/2           1      0.50000000          -0.06510182                    0.04491083    -0.06233565                         0.04515794
    SCEL8_8_1_1_0_0_6/3           1      0.37500000          -0.00502527                    0.06199427    -0.00582289                         0.06158126
    SCEL8_8_1_1_0_0_6/4           1      0.75000000          -0.04645491                    0.02968429    -0.06005807                         0.02187913
    SCEL8_8_1_1_0_0_6/5           1      0.37500000          -0.03203277                    0.04235245    -0.03399839                         0.04108999
    SCEL8_8_1_1_0_0_6/6           1      0.25000000          0.00829440                     0.04508890    0.01277641                          0.05095848
    SCEL8_8_1_1_0_0_6/7           1      0.25000000          0.00642302                     0.04359180    0.00744031                          0.04668960
    SCEL8_8_1_1_0_0_6/8           1      0.12500000          0.02783219                     0.02851318    0.02882418                          0.03570706
    SCEL8_8_1_1_0_0_6/9           1      0.62500000          -0.01521336                    0.06193212    -0.01906019                         0.05855345
    SCEL8_8_1_1_0_0_6/10          1      0.75000000          -0.07408241                    0.01389714    -0.08451623                         0.00790304
    SCEL8_8_1_1_0_0_6/11          1      0.62500000          -0.04460711                    0.04384365    -0.05086961                         0.03897843
    SCEL8_8_1_1_0_0_6/12          1      0.50000000          -0.04624307                    0.05748333    -0.04785378                         0.05481252
    SCEL8_8_1_1_0_0_6/13          1      0.50000000          -0.00679432                    0.08378250    -0.00548806                         0.08305633
    SCEL8_8_1_1_0_0_6/14          1      0.62500000          -0.07253336                    0.02665827    -0.07186170                         0.02606022
    SCEL8_8_1_1_0_0_6/15          1      0.62500000          -0.07109461                    0.02754365    -0.06756268                         0.02870577
    SCEL8_8_1_1_0_0_6/16          1      0.50000000          -0.03504432                    0.06494917    -0.03298296                         0.06472640
    SCEL8_8_1_1_0_0_6/17          1      0.37500000          -0.00144527                    0.06459791    -0.00586820                         0.06154831
    SCEL8_8_1_1_0_0_6/18          1      0.62500000          -0.09107336                    0.01524904    -0.09053372                         0.01456975
    SCEL8_8_1_1_0_0_6/19          1      0.50000000          -0.04104932                    0.06094583    -0.04327878                         0.05786252
    SCEL8_8_1_1_0_0_6/20          1      0.50000000          -0.05125807                    0.05414000    -0.04968505                         0.05359168
    SCEL8_8_1_1_0_0_6/21          1      0.37500000          -0.01478152                    0.05489882    -0.01143095                         0.05750267
    SCEL8_8_1_1_0_0_6/22          1      0.37500000          -0.00835277                    0.05957427    -0.01267151                         0.05660045
    SCEL8_8_1_1_0_0_6/23          1      0.25000000          0.01229902                     0.04829260    0.01182268                          0.05019549
    SCEL8_8_1_1_0_0_7/0           1      0.87500000          -0.02811895                    0.02041067    -0.01961279                         0.02449648
    SCEL8_8_1_1_0_0_7/1           1      0.75000000          -0.00612991                    0.05272714    -0.00711631                         0.05213157
    SCEL8_8_1_1_0_0_7/2           1      0.50000000          -0.00971807                    0.08183333    -0.01880693                         0.07417708
    SCEL8_8_1_1_0_0_7/3           1      0.37500000          0.00137098                     0.06664609    0.00287473                          0.06790681
    SCEL8_8_1_1_0_0_7/4           1      0.75000000          -0.02825866                    0.04008214    -0.02456689                         0.04215981
    SCEL8_8_1_1_0_0_7/5           1      0.37500000          0.01931348                     0.07969518    0.01972564                          0.08016201
    SCEL8_8_1_1_0_0_7/6           1      0.25000000          0.01835327                     0.05313600    0.02023003                          0.05692137
    SCEL8_8_1_1_0_0_7/7           1      0.25000000          0.02475590                     0.05825810    0.02679597                          0.06217413
    SCEL8_8_1_1_0_0_7/8           1      0.12500000          0.03102832                     0.03135418    0.02744184                          0.03447830
    SCEL8_8_1_1_0_0_7/9           1      0.62500000          -0.00743961                    0.06671596    -0.00608969                         0.06653530
    SCEL8_8_1_1_0_0_7/10          1      0.75000000          -0.05751366                    0.02336500    -0.04727268                         0.02918507
    SCEL8_8_1_1_0_0_7/11          1      0.62500000          -0.00778586                    0.06650288    -0.01036602                         0.06390371
    SCEL8_8_1_1_0_0_7/12          1      0.50000000          0.01167943                     0.09609833    0.00973577                          0.09320555
    SCEL8_8_1_1_0_0_7/13          1      0.50000000          0.00020943                     0.08845167    0.00514341                          0.09014398
    SCEL8_8_1_1_0_0_7/14          1      0.62500000          -0.01634586                    0.06123519    -0.02384277                         0.05561033
    SCEL8_8_1_1_0_0_7/15          1      0.62500000          -0.01002086                    0.06512750    -0.01953446                         0.05826160
    SCEL8_8_1_1_0_0_7/16          1      0.50000000          0.00094443                     0.08894167    -0.00438538                         0.08379145
    SCEL8_8_1_1_0_0_7/17          1      0.37500000          0.01967973                     0.07996155    0.01629803                          0.07766921
    SCEL8_8_1_1_0_0_7/18          1      0.62500000          -0.05356836                    0.03832904    -0.05741798                         0.03494866
    SCEL8_8_1_1_0_0_7/19          1      0.50000000          -0.02822557                    0.06949500    -0.03303986                         0.06468847
    SCEL8_8_1_1_0_0_7/20          1      0.50000000          -0.01536557                    0.07806833    -0.01555729                         0.07634351
    SCEL8_8_1_1_0_0_7/21          1      0.37500000          -0.00576527                    0.06145609    -0.00337598                         0.06336083
    SCEL8_8_1_1_0_0_7/22          1      0.37500000          -0.00074777                    0.06510518    0.00046021                          0.06615079
    SCEL8_8_1_1_0_0_7/23          1      0.25000000          0.00813565                     0.04496190    0.01219645                          0.05049451
    SCEL8_8_1_1_0_1_0/0           1      0.87500000          -0.03359020                    0.01749267    -0.03453840                         0.01653615
    SCEL8_8_1_1_0_1_0/1           1      0.75000000          -0.02798241                    0.04024000    -0.02778840                         0.04031894
    SCEL8_8_1_1_0_1_0/2           1      0.50000000          -0.04328557                    0.05945500    -0.04907917                         0.05399559
    SCEL8_8_1_1_0_1_0/3           1      0.37500000          -0.00052152                    0.06526973    0.00013209                          0.06591215
    SCEL8_8_1_1_0_1_0/4           1      0.75000000          -0.03013491                    0.03901000    -0.03619552                         0.03551488
    SCEL8_8_1_1_0_1_0/5           1      0.37500000          -0.02978777                    0.04398518    -0.03037592                         0.04372451
    SCEL8_8_1_1_0_1_0/6           1      0.25000000          0.00507965                     0.04251710    0.00364724                          0.04365515
    SCEL8_8_1_1_0_1_0/7           1      0.25000000          -0.01766935                    0.02431790    -0.01546991                         0.02836143
    SCEL8_8_1_1_0_1_0/8           1      0.12500000          0.01656069                     0.01849407    0.01283068                          0.02149061
    SCEL8_8_1_1_0_1_0/9           1      0.62500000          -0.01479836                    0.06218750    -0.01443210                         0.06140151
    SCEL8_8_1_1_0_1_0/10          1      0.75000000          -0.07263116                    0.01472643    -0.06614117                         0.01840308
    SCEL8_8_1_1_0_1_0/11          1      0.62500000          -0.02944461                    0.05317442    -0.03415005                         0.04926739
    SCEL8_8_1_1_0_1_0/12          1      0.50000000          -0.02030057                    0.07477833    -0.02428284                         0.07052648
    SCEL8_8_1_1_0_1_0/13          1      0.50000000          -0.01202557                    0.08029500    -0.00985964                         0.08014195
    SCEL8_8_1_1_0_1_0/14          1      0.62500000          -0.05126086                    0.03974904    -0.04913246                         0.04004745
    SCEL8_8_1_1_0_1_0/15          1      0.62500000          -0.03656086                    0.04879519    -0.03121389                         0.05107426
    SCEL8_8_1_1_0_1_0/16          1      0.50000000          -0.01269932                    0.07984583    -0.01220327                         0.07857953
    SCEL8_8_1_1_0_1_0/17          1      0.37500000          0.01338973                     0.07538700    0.00842369                          0.07194241
    SCEL8_8_1_1_0_1_0/18          1      0.62500000          -0.06813711                    0.02936365    -0.06918625                         0.02770665
    SCEL8_8_1_1_0_1_0/19          1      0.50000000          -0.03938557                    0.06205500    -0.04276974                         0.05820188
    SCEL8_8_1_1_0_1_0/20          1      0.50000000          -0.04000182                    0.06164417    -0.03616200                         0.06260704
    SCEL8_8_1_1_0_1_0/21          1      0.37500000          -0.02614902                    0.04663155    -0.02180389                         0.04995872
    SCEL8_8_1_1_0_1_0/22          1      0.37500000          -0.01450277                    0.05510155    -0.01493525                         0.05495409
    SCEL8_8_1_1_0_1_0/23          1      0.25000000          0.00507290                     0.04251170    0.00692832                          0.04628001
    SCEL8_8_1_1_0_4_3/0           1      0.87500000          -0.02237520                    0.02347400    -0.01806810                         0.02532031
    SCEL8_8_1_1_0_4_3/1           1      0.75000000          -0.03980616                    0.03348357    -0.04018905                         0.03323286
    SCEL8_8_1_1_0_4_3/2           1      0.75000000          0.00223884                     0.05750929    0.00079210                          0.05665066
    SCEL8_8_1_1_0_4_3/3           1      0.62500000          -0.03323586                    0.05084135    -0.03368680                         0.04955247
    SCEL8_8_1_1_0_4_3/4           1      0.62500000          -0.02069086                    0.05856135    -0.03093492                         0.05124593
    SCEL8_8_1_1_0_4_3/5           1      0.50000000          -0.04321432                    0.05950250    -0.04439652                         0.05711736
    SCEL8_8_1_1_0_4_3/6           1      0.62500000          -0.02857461                    0.05370981    -0.03500311                         0.04874243
    SCEL8_8_1_1_0_4_3/7           1      0.62500000          0.00118789                     0.07202519    -0.00266093                         0.06864531
    SCEL8_8_1_1_0_4_3/8           1      0.50000000          -0.02668682                    0.07052083    -0.02797422                         0.06806556
    SCEL8_8_1_1_0_4_3/9           1      0.50000000          -0.01054307                    0.08128333    -0.01204818                         0.07868292
    SCEL8_8_1_1_0_4_3/10          1      0.37500000          -0.02703402                    0.04598791    -0.03099955                         0.04327097
    SCEL8_8_1_1_0_4_3/11          1      0.50000000          -0.02515182                    0.07154417    -0.02872345                         0.06756607
    SCEL8_8_1_1_0_4_3/12          1      0.37500000          -0.04446152                    0.03331336    -0.04492294                         0.03314486
    SCEL8_8_1_1_0_4_3/13          1      0.37500000          -0.01178027                    0.05708155    -0.00405401                         0.06286772
    SCEL8_8_1_1_0_4_3/14          1      0.25000000          -0.02029610                    0.02221650    -0.02088046                         0.02403298
    SCEL8_8_1_1_0_4_3/15          1      0.37500000          -0.02968027                    0.04406336    -0.02757222                         0.04576357
    SCEL8_8_1_1_0_4_3/16          1      0.25000000          -0.03751285                    0.00844310    -0.03575970                         0.01212959
    SCEL8_8_1_1_0_4_3/17          1      0.12500000          0.00144107                     0.00505440    -0.00504172                         0.00560403
    SCEL8_8_1_1_0_5_2/0           1      0.87500000          -0.04476770                    0.01153133    -0.05129700                         0.00759824
    SCEL8_8_1_1_0_5_2/1           1      0.75000000          -0.06473116                    0.01924071    -0.07176824                         0.01518761
    SCEL8_8_1_1_0_5_2/2           1      0.50000000          -0.08382057                    0.03243167    -0.08221346                         0.03190607
    SCEL8_8_1_1_0_5_2/3           1      0.37500000          -0.02992527                    0.04388518    -0.02220959                         0.04966366
    SCEL8_8_1_1_0_5_2/4           1      0.75000000          -0.07010866                    0.01616786    -0.06171087                         0.02093468
    SCEL8_8_1_1_0_5_2/5           1      0.37500000          -0.05192777                    0.02788336    -0.05531364                         0.02558799
    SCEL8_8_1_1_0_5_2/6           1      0.25000000          -0.00608498                    0.03358540    -0.00331610                         0.03808447
    SCEL8_8_1_1_0_5_2/7           1      0.25000000          -0.02112823                    0.02155080    -0.01869530                         0.02578111
    SCEL8_8_1_1_0_5_2/8           1      0.12500000          0.00802969                     0.01091096    0.00624682                          0.01563829
    SCEL8_8_1_1_0_5_2/9           1      0.62500000          -0.04191336                    0.04550135    -0.03994687                         0.04570011
    SCEL8_8_1_1_0_5_2/10          1      0.75000000          -0.09387741                    0.00258571    -0.09704102                         0.00074602
    SCEL8_8_1_1_0_5_2/11          1      0.62500000          -0.08330086                    0.02003212    -0.07871244                         0.02184438
    SCEL8_8_1_1_0_5_2/12          1      0.50000000          -0.08410057                    0.03224500    -0.08405551                         0.03067803
    SCEL8_8_1_1_0_5_2/13          1      0.50000000          -0.02483057                    0.07175833    -0.02552584                         0.06969781
    SCEL8_8_1_1_0_5_2/14          1      0.62500000          -0.01862461                    0.05983288    -0.02734967                         0.05345224
    SCEL8_8_1_1_0_5_2/15          1      0.50000000          -0.02897557                    0.06899500    -0.02864083                         0.06762115
    SCEL8_8_1_1_0_5_2/16          1      0.37500000          -0.00942277                    0.05879609    -0.00889684                         0.05934567
    SCEL8_8_1_1_0_5_2/17          1      0.62500000          -0.10870961                    0.00439596    -0.10093704                         0.00816770
    SCEL8_8_1_1_0_5_2/18          1      0.50000000          -0.05992807                    0.04836000    -0.06261709                         0.04497031
    SCEL8_8_1_1_0_5_2/19          1      0.50000000          -0.06007557                    0.04826167    -0.06137408                         0.04579898
    SCEL8_8_1_1_0_5_2/20          1      0.37500000          -0.02121777                    0.05021791    -0.01893730                         0.05204351
    SCEL8_8_1_1_0_5_2/21          1      0.37500000          -0.06577777                    0.01781064    -0.06850427                         0.01599481
    SCEL8_8_1_1_0_5_2/22          1      0.25000000          -0.00996698                    0.03047980    -0.00799588                         0.03434065
