#                  name    selected         comp(a)    formation_energy    hull_dist(MASTER,atom_frac)        clex()    clex_hull_dist(MASTER,atom_frac)
    SCEL1_1_1_1_0_0_0/0           1      1.00000000          0.00000000                     0.00000000    0.00450133                          0.00000000
    SCEL1_1_1_1_0_0_0/1           1      0.00000000          0.03957646                     0.00000000    0.02861832                          0.00000000
    SCEL2_2_1_1_0_0_1/0           1      0.50000000          -0.01383632                    0.07908783    -0.01057979                         0.07749972
    SCEL2_2_1_1_0_1_1/0           1      0.50000000          -0.03327882                    0.06612617    -0.03274239                         0.06272465
    SCEL3_3_1_1_0_0_2/0           1      0.66666667          -0.06338554                    0.02815750    -0.06640758                         0.02543447
    SCEL3_3_1_1_0_0_2/1           1      0.33333333          0.02390491                     0.07507906    0.02729096                          0.07672832
    SCEL3_3_1_1_0_2_1/0           1      0.66666667          -0.10334154                    0.00418390    -0.10317652                         0.00337311
    SCEL3_3_1_1_0_2_1/1           1      0.33333333          -0.04529576                    0.02317856    -0.04210282                         0.02468299
    SCEL3_3_1_1_0_2_2/0           1      0.66666667          0.01616612                     0.07588850    0.01685446                          0.07539170
    SCEL3_3_1_1_0_2_2/1           1      0.33333333          0.01525024                     0.06858806    0.01210478                          0.06533869
    SCEL4_2_2_1_0_1_0/0           1      0.75000000          -0.08184416                    0.00946186    -0.08352021                         0.00867622
    SCEL4_2_2_1_0_1_0/1           1      0.25000000          0.00283177                     0.04071880    0.00565024                          0.04380461
    SCEL4_2_2_1_1_1_0/0           1      0.75000000          0.04062359                     0.07944343    0.03616437                          0.07706741
    SCEL4_2_2_1_1_1_0/1           1      0.25000000          -0.03132248                    0.01339540    -0.02931652                         0.01583120
    SCEL4_4_1_1_0_0_0/0           1      0.75000000          -0.03514166                    0.03614900    -0.02280411                         0.04337114
    SCEL4_4_1_1_0_0_0/1           1      0.50000000          0.02063093                     0.10206600    0.02015762                          0.09799132
    SCEL4_4_1_1_0_0_0/2           1      0.25000000          0.02262802                     0.05655580    0.02315493                          0.05780836
    SCEL4_4_1_1_0_0_2/0           1      0.75000000          -0.09671416                    0.00096471    -0.09799767                         0.00040339
    SCEL4_4_1_1_0_0_2/1           1      0.50000000          -0.04330832                    0.05943983    -0.04294053                         0.05592589
    SCEL4_4_1_1_0_0_2/2           1      0.25000000          0.01807152                     0.05291060    0.02014975                          0.05540422
    SCEL4_4_1_1_0_0_3/0           1      0.75000000          -0.01988016                    0.04486986    -0.02590543                         0.04159896
    SCEL4_4_1_1_0_0_3/1           1      0.50000000          -0.01958857                    0.07525300    -0.01312613                         0.07580216
    SCEL4_4_1_1_0_0_3/2           1      0.25000000          0.01329377                     0.04908840    0.01158769                          0.04855457
    SCEL4_4_1_1_0_1_0/0           1      0.75000000          -0.05279891                    0.02605914    -0.05450360                         0.02525714
    SCEL4_4_1_1_0_1_0/1           1      0.50000000          -0.02725232                    0.07014383    -0.04008516                         0.05782947
    SCEL4_4_1_1_0_1_0/2           1      0.25000000          0.00992627                     0.04639440    0.01110037                          0.04816472
    SCEL4_4_1_1_0_2_1/0           1      0.75000000          -0.04620766                    0.02982557    -0.04331910                         0.03164829
    SCEL4_4_1_1_0_2_1/1           1      0.50000000          -0.13246807                    0.00000000    -0.12682936                         0.00000000
    SCEL4_4_1_1_0_2_1/2           1      0.25000000          -0.04806673                    0.00000000    -0.04816441                         0.00075289
    SCEL5_1_1_5_0_0_0/0           1      0.80000000          -0.00600593                    0.04578589    -0.01364130                         0.04341224
    SCEL5_1_1_5_0_0_0/1           1      0.60000000          0.00576515                     0.07808825    -0.00103346                         0.07186082
    SCEL5_1_1_5_0_0_0/2           1      0.60000000          -0.00874985                    0.06901638    -0.00569303                         0.06894858
    SCEL5_1_1_5_0_0_0/3           1      0.40000000          -0.00212398                    0.06898825    -0.00299898                         0.06624346
    SCEL5_1_1_5_0_0_0/4           1      0.40000000          0.02927302                     0.09141468    0.03042219                          0.09011573
    SCEL5_1_1_5_0_0_0/5           1      0.20000000          0.02443009                     0.04580682    0.02533181                          0.04907713
    SCEL5_5_1_1_0_0_3/0           1      0.80000000          -0.05791073                    0.01694989    -0.06709904                         0.01371349
    SCEL5_5_1_1_0_0_3/1           1      0.60000000          -0.08757945                    0.01974788    -0.07968559                         0.02270324
    SCEL5_5_1_1_0_0_3/2           1      0.60000000          -0.05363025                    0.04096612    -0.04786165                         0.04259320
    SCEL5_5_1_1_0_0_3/3           1      0.40000000          -0.02531138                    0.05242582    -0.02932784                         0.04743713
    SCEL5_5_1_1_0_0_3/4           1      0.40000000          0.00539222                     0.07435696    -0.00421481                         0.06537501
    SCEL5_5_1_1_0_0_3/5           1      0.20000000          0.03095969                     0.05124815    0.03172895                          0.05440809
    SCEL5_5_1_1_0_0_4/0           1      0.80000000          -0.04938953                    0.02168389    -0.03279653                         0.03277044
    SCEL5_5_1_1_0_0_4/1           1      0.60000000          -0.04730905                    0.04491688    -0.04974685                         0.04141495
    SCEL5_5_1_1_0_0_4/2           1      0.60000000          0.00802395                     0.07950000    0.00011535                          0.07257883
    SCEL5_5_1_1_0_0_4/3           1      0.40000000          0.01721022                     0.08279839    0.01661116                          0.08025071
    SCEL5_5_1_1_0_0_4/4           1      0.40000000          -0.01058398                    0.06294539    -0.01150516                         0.06016762
    SCEL5_5_1_1_0_0_4/5           1      0.20000000          0.02557549                     0.04676132    0.02676438                          0.05027094
    SCEL5_5_1_1_0_1_3/0           1      0.80000000          -0.07895133                    0.00526067    -0.08608737                         0.00316442
    SCEL5_5_1_1_0_1_3/1           1      0.60000000          -0.10494705                    0.00889313    -0.10211235                         0.00868651
    SCEL5_5_1_1_0_1_3/2           1      0.40000000          -0.05736098                    0.02953325    -0.05915786                         0.02612998
    SCEL5_5_1_1_0_1_3/3           1      0.20000000          -0.00083071                    0.02475615    0.00464502                          0.03183815
    SCEL5_5_1_1_0_4_3/0           1      0.80000000          -0.04813633                    0.02238011    -0.04766279                         0.02451141
    SCEL5_5_1_1_0_4_3/1           1      0.60000000          -0.04979265                    0.04336463    -0.05083551                         0.04073454
    SCEL5_5_1_1_0_4_3/2           1      0.60000000          -0.01327965                    0.06618525    -0.01757714                         0.06152102
    SCEL5_5_1_1_0_4_3/3           1      0.40000000          -0.01999398                    0.05622396    -0.02459645                         0.05081670
    SCEL5_5_1_1_0_4_3/4           1      0.40000000          0.00087202                     0.07112825    -0.00508704                         0.06475199
    SCEL5_5_1_1_0_4_3/5           1      0.20000000          -0.00893691                    0.01800098    -0.00411023                         0.02454210
    SCEL6_2_3_1_0_1_0/0           1      0.83333333          -0.04912427                    0.01780455    -0.04790199                         0.02141881
    SCEL6_2_3_1_0_1_0/1           1      0.66666667          -0.07678388                    0.02011850    -0.06905784                         0.02384432
    SCEL6_2_3_1_0_1_0/2           1      0.66666667          -0.06121288                    0.02946110    -0.05777271                         0.03061540
    SCEL6_2_3_1_0_1_0/3           1      0.50000000          -0.03806665                    0.06293428    -0.03870031                         0.05875270
    SCEL6_2_3_1_0_1_0/4           1      0.50000000          -0.01601665                    0.07763428    -0.01465961                         0.07477983
    SCEL6_2_3_1_0_1_0/5           1      0.33333333          0.01214624                     0.06626006    0.00637493                          0.06104130
    SCEL6_2_3_1_0_1_0/6           1      0.33333333          0.01073974                     0.06520519    0.00910104                          0.06308588
    SCEL6_2_3_1_0_1_0/7           1      0.16666667          0.02731914                     0.03957554    0.02809310                          0.04396343
    SCEL6_3_1_2_0_0_0/0           1      0.83333333          -0.05407094                    0.01510636    -0.05452056                         0.01780868
    SCEL6_3_1_2_0_0_0/1           1      0.66666667          -0.06642321                    0.02633490    -0.06569361                         0.02586285
    SCEL6_3_1_2_0_0_0/2           1      0.66666667          -0.07682738                    0.02009240    -0.07093948                         0.02271534
    SCEL6_3_1_2_0_0_0/3           1      0.50000000          -0.02988432                    0.06838917    -0.03225391                         0.06305030
    SCEL6_3_1_2_0_0_0/4           1      0.50000000          -0.01606932                    0.07759917    -0.01311832                         0.07580736
    SCEL6_3_1_2_0_0_0/5           1      0.33333333          0.01611758                     0.06923856    0.01618063                          0.06839557
    SCEL6_3_1_2_0_0_0/6           1      0.33333333          0.00728758                     0.06261606    0.00651158                          0.06114378
    SCEL6_3_1_2_0_0_0/7           1      0.16666667          0.02043280                     0.03367297    0.02998392                          0.04558413
    SCEL6_3_1_2_0_0_2/0           1      0.83333333          -0.03561761                    0.02517182    -0.05258768                         0.01886298
    SCEL6_3_1_2_0_0_2/1           1      0.66666667          -0.04343854                    0.04012570    -0.04349833                         0.03918003
    SCEL6_3_1_2_0_0_2/2           1      0.66666667          -0.07089354                    0.02365270    -0.06824588                         0.02433149
    SCEL6_3_1_2_0_0_2/3           1      0.50000000          -0.03339648                    0.06604772    -0.03459360                         0.06149051
    SCEL6_3_1_2_0_0_2/4           1      0.50000000          -0.02155865                    0.07393961    -0.02956844                         0.06484062
    SCEL6_3_1_2_0_0_2/5           1      0.33333333          -0.00026876                    0.05694881    0.00004652                          0.05629499
    SCEL6_3_1_2_0_0_2/6           1      0.33333333          0.00115391                     0.05801581    0.00253070                          0.05815812
    SCEL6_3_1_2_0_0_2/7           1      0.16666667          0.03145880                     0.04312383    0.03402692                          0.04904957
    SCEL6_3_1_2_0_2_2/0           1      0.83333333          -0.05600094                    0.01405364    -0.05770995                         0.01606901
    SCEL6_3_1_2_0_2_2/1           1      0.66666667          -0.03127454                    0.04742410    -0.03466541                         0.04447978
    SCEL6_3_1_2_0_2_2/2           1      0.66666667          -0.08244638                    0.01672100    -0.08107673                         0.01663299
    SCEL6_3_1_2_0_2_2/3           1      0.50000000          -0.01858665                    0.07592094    -0.02179135                         0.07002535
    SCEL6_3_1_2_0_2_2/4           1      0.50000000          -0.05919848                    0.04884639    -0.05459931                         0.04815337
    SCEL6_3_1_2_0_2_2/5           1      0.33333333          0.00801041                     0.06315819    0.00567830                          0.06051883
    SCEL6_3_1_2_0_2_2/6           1      0.33333333          0.00128258                     0.05811231    0.00373492                          0.05906129
    SCEL6_3_1_2_0_2_2/7           1      0.16666667          0.02327364                     0.03610797    0.02616541                          0.04231113
    SCEL6_3_2_1_0_1_2/0           1      0.83333333          -0.08176594                    0.00000000    -0.08716980                         0.00000000
    SCEL6_3_2_1_0_1_2/1           1      0.66666667          -0.09343504                    0.01012780    -0.09424590                         0.00873148
    SCEL6_3_2_1_0_1_2/2           1      0.66666667          -0.10043638                    0.00592700    -0.10344194                         0.00321386
    SCEL6_3_2_1_0_1_2/3           1      0.50000000          -0.09215315                    0.02687661    -0.09351090                         0.02221231
    SCEL6_3_2_1_0_1_2/4           1      0.50000000          -0.06639898                    0.04404606    -0.05728983                         0.04635969
    SCEL6_3_2_1_0_1_2/5           1      0.33333333          -0.02479859                    0.03855144    -0.03346843                         0.03115878
    SCEL6_3_2_1_0_1_2/6           1      0.33333333          0.02339608                     0.07469744    0.01667815                          0.06876871
    SCEL6_3_2_1_0_1_2/7           1      0.16666667          0.02266314                     0.03558469    0.02457666                          0.04094934
    SCEL6_6_1_1_0_0_5/0           1      0.83333333          -0.03063261                    0.02789091    -0.02658022                         0.03304886
    SCEL6_6_1_1_0_0_5/1           1      0.66666667          -0.00735371                    0.06177660    -0.00996403                         0.05930061
    SCEL6_6_1_1_0_0_5/2           1      0.66666667          -0.01088104                    0.05966020    -0.02552220                         0.04996570
    SCEL6_6_1_1_0_0_5/3           1      0.50000000          0.00710035                     0.09304561    -0.00074075                         0.08405908
    SCEL6_6_1_1_0_0_5/4           1      0.50000000          -0.01647348                    0.07732972    -0.01641862                         0.07360717
    SCEL6_6_1_1_0_0_5/5           1      0.33333333          -0.00494959                    0.05343819    0.00499089                          0.06000327
    SCEL6_6_1_1_0_0_5/6           1      0.33333333          0.00779724                     0.06299831    0.00792228                          0.06220181
    SCEL6_6_1_1_0_0_5/7           1      0.16666667          0.02534814                     0.03788611    0.02707337                          0.04308938
    SCEL6_6_1_1_0_1_0/0           1      0.83333333          -0.04652594                    0.01922182    -0.04672803                         0.02205915
    SCEL6_6_1_1_0_1_0/1           1      0.66666667          -0.03865471                    0.04299600    -0.03173055                         0.04624069
    SCEL6_6_1_1_0_1_0/2           1      0.66666667          -0.03811871                    0.04331760    -0.03616909                         0.04357757
    SCEL6_6_1_1_0_1_0/3           1      0.50000000          0.00404135                     0.09100628    0.00422313                          0.08736833
    SCEL6_6_1_1_0_1_0/4           1      0.50000000          -0.05217715                    0.05352728    -0.05208143                         0.04983196
    SCEL6_6_1_1_0_1_0/5           1      0.33333333          -0.01424092                    0.04646969    -0.01221832                         0.04709636
    SCEL6_6_1_1_0_1_0/6           1      0.33333333          0.00070091                     0.05767606    -0.00109273                         0.05544055
    SCEL6_6_1_1_0_1_0/7           1      0.16666667          0.00860480                     0.02353469    0.00186394                          0.02148130
    SCEL6_6_1_1_0_1_4/0           1      0.83333333          -0.06497761                    0.00915727    -0.06586084                         0.01162307
    SCEL6_6_1_1_0_1_4/1           1      0.66666667          -0.10374004                    0.00394480    -0.09907310                         0.00583516
    SCEL6_6_1_1_0_1_4/2           1      0.66666667          -0.03099054                    0.04759450    -0.03448691                         0.04458687
    SCEL6_6_1_1_0_1_4/3           1      0.50000000          -0.03437648                    0.06539439    -0.04107436                         0.05717000
    SCEL6_6_1_1_0_1_4/4           1      0.50000000          -0.05885382                    0.04907617    -0.06134839                         0.04365398
    SCEL6_6_1_1_0_1_4/5           1      0.33333333          0.01465508                     0.06814169    0.00746480                          0.06185870
    SCEL6_6_1_1_0_1_4/6           1      0.33333333          -0.02924159                    0.03521919    -0.02798881                         0.03526849
    SCEL6_6_1_1_0_1_4/7           1      0.16666667          0.00958664                     0.02437626    0.01195484                          0.03013064
    SCEL6_6_1_1_0_3_2/0           1      0.83333333          -0.03228927                    0.02698727    -0.03081961                         0.03073647
    SCEL6_6_1_1_0_3_2/1           1      0.66666667          -0.04955971                    0.03645300    -0.05173986                         0.03423510
    SCEL6_6_1_1_0_3_2/2           1      0.66666667          -0.00624138                    0.06244400    -0.01020001                         0.05915901
    SCEL6_6_1_1_0_3_2/3           1      0.50000000          -0.05969965                    0.04851228    -0.05863246                         0.04546461
    SCEL6_6_1_1_0_3_2/4           1      0.50000000          -0.02704648                    0.07028106    -0.02602872                         0.06720043
    SCEL6_6_1_1_0_3_2/5           1      0.33333333          -0.04561542                    0.02293881    -0.04741029                         0.02070238
    SCEL6_6_1_1_0_3_2/6           1      0.33333333          -0.03310309                    0.03232306    -0.03149700                         0.03263735
    SCEL6_6_1_1_0_3_2/7           1      0.16666667          -0.00387353                    0.01283897    -0.00984943                         0.01144126
    SCEL6_6_1_1_0_5_5/0           1      0.83333333          -0.01697261                    0.03534182    -0.01061753                         0.04175579
    SCEL6_6_1_1_0_5_5/1           1      0.66666667          0.00419896                     0.06870820    -0.00090920                         0.06473350
    SCEL6_6_1_1_0_5_5/2           1      0.66666667          -0.02852254                    0.04907530    -0.02449119                         0.05058431
    SCEL6_6_1_1_0_5_5/3           1      0.50000000          0.00178652                     0.08950306    0.00716922                          0.08933239
    SCEL6_6_1_1_0_5_5/4           1      0.50000000          0.00978552                     0.09483572    0.01049609                          0.09155030
    SCEL6_6_1_1_0_5_5/5           1      0.33333333          0.02821958                     0.07831506    0.03102505                          0.07952889
    SCEL6_6_1_1_0_5_5/6           1      0.33333333          0.00408524                     0.06021431    0.00688508                          0.06142391
    SCEL6_6_1_1_0_5_5/7           1      0.16666667          0.02723197                     0.03950083    0.02587956                          0.04206612
    SCEL7_7_1_1_0_0_0/0           1      0.85714286          -0.00972695                    0.03405885    -0.00845769                         0.03540777
    SCEL7_7_1_1_0_0_0/1           1      0.71428571          -0.01015661                    0.05473333    -0.00580758                         0.05707279
    SCEL7_7_1_1_0_0_0/2           1      0.71428571          -0.00757232                    0.05624083    -0.01770531                         0.05013245
    SCEL7_7_1_1_0_0_0/3           1      0.57142857          -0.01032484                    0.07168568    -0.00892303                         0.07011376
    SCEL7_7_1_1_0_0_0/4           1      0.42857143          0.01702007                     0.08776142    0.01670640                          0.08493027
    SCEL7_7_1_1_0_0_0/5           1      0.57142857          -0.00357913                    0.07597841    -0.01009315                         0.06936914
    SCEL7_7_1_1_0_0_0/6           1      0.57142857          0.01384516                     0.08706659    0.00943218                          0.08179435
    SCEL7_7_1_1_0_0_0/7           1      0.42857143          0.01795249                     0.08841412    0.01812421                          0.08592273
    SCEL7_7_1_1_0_0_0/8           1      0.42857143          -0.00961008                    0.06912032    -0.01149709                         0.06518782
    SCEL7_7_1_1_0_0_0/9           1      0.28571429          0.02026698                     0.06252636    0.01841915                          0.06115517
    SCEL7_7_1_1_0_0_0/10          1      0.42857143          0.00700992                     0.08075432    0.01100780                          0.08094125
    SCEL7_7_1_1_0_0_0/11          1      0.28571429          0.03101383                     0.07088503    0.03068123                          0.07069234
    SCEL7_7_1_1_0_0_0/12          1      0.28571429          0.00936540                     0.05404736    0.01076426                          0.05520137
    SCEL7_7_1_1_0_0_0/13          1      0.14285714          0.02947217                     0.03498034    0.02627081                          0.03680785
    SCEL7_7_1_1_0_0_0/14          1      0.71428571          -0.00393804                    0.05836083    -0.00013627                         0.06038106
    SCEL7_7_1_1_0_0_0/15          1      0.57142857          0.01775230                     0.08955295    0.01874198                          0.08771877
    SCEL7_7_1_1_0_0_6/0           1      0.85714286          -0.02357552                    0.02660192    -0.02214000                         0.02804038
    SCEL7_7_1_1_0_0_6/1           1      0.71428571          -0.03759375                    0.03872833    -0.03049916                         0.04266937
    SCEL7_7_1_1_0_0_6/2           1      0.71428571          -0.01295518                    0.05310083    -0.00789755                         0.05585365
    SCEL7_7_1_1_0_0_6/3           1      0.42857143          0.00949792                     0.08249592    0.00884232                          0.07942541
    SCEL7_7_1_1_0_0_6/4           1      0.57142857          -0.00930341                    0.07233568    -0.00925792                         0.06990065
    SCEL7_7_1_1_0_0_6/5           1      0.57142857          -0.03906484                    0.05339659    -0.03596104                         0.05290775
    SCEL7_7_1_1_0_0_6/6           1      0.42857143          -0.01127422                    0.06795542    -0.01696906                         0.06135745
    SCEL7_7_1_1_0_0_6/7           1      0.42857143          0.01468321                     0.08612562    0.01186095                          0.08153845
    SCEL7_7_1_1_0_0_6/8           1      0.28571429          0.01757540                     0.06043292    0.01928640                          0.06182970
    SCEL7_7_1_1_0_0_6/9           1      0.42857143          0.00130878                     0.07676352    0.00419548                          0.07617262
    SCEL7_7_1_1_0_0_6/10          1      0.28571429          0.00500569                     0.05065647    0.00836624                          0.05333624
    SCEL7_7_1_1_0_0_6/11          1      0.14285714          0.02826731                     0.03392609    0.02729408                          0.03770320
    SCEL7_7_1_1_0_0_6/12          1      0.71428571          -0.04289232                    0.03563750    -0.04326349                         0.03522351
    SCEL7_7_1_1_0_0_6/13          1      0.57142857          -0.03736199                    0.05448023    -0.03855626                         0.05125625
    SCEL7_7_1_1_0_2_4/0           1      0.85714286          -0.04904552                    0.01288731    -0.05572074                         0.00995844
    SCEL7_7_1_1_0_2_4/1           1      0.71428571          -0.07829232                    0.01498750    -0.07103433                         0.01902385
    SCEL7_7_1_1_0_2_4/2           1      0.71428571          -0.07435518                    0.01728417    -0.07570149                         0.01630135
    SCEL7_7_1_1_0_2_4/3           1      0.57142857          -0.06074341                    0.03960114    -0.05973877                         0.03777647
    SCEL7_7_1_1_0_2_4/4           1      0.42857143          -0.04208536                    0.04638762    -0.04164129                         0.04408688
    SCEL7_7_1_1_0_2_4/5           1      0.57142857          -0.05752913                    0.04164659    -0.04998629                         0.04398259
    SCEL7_7_1_1_0_2_4/6           1      0.57142857          -0.09726484                    0.01636023    -0.09712189                         0.01398721
    SCEL7_7_1_1_0_2_4/7           1      0.42857143          -0.04075665                    0.04731772    -0.04147619                         0.04420245
    SCEL7_7_1_1_0_2_4/8           1      0.42857143          -0.00811579                    0.07016632    -0.01044676                         0.06592305
    SCEL7_7_1_1_0_2_4/9           1      0.28571429          -0.00890645                    0.03983592    -0.00882830                         0.03996271
    SCEL7_7_1_1_0_2_4/10          1      0.42857143          -0.08340893                    0.01746112    -0.08287089                         0.01522616
    SCEL7_7_1_1_0_2_4/11          1      0.28571429          -0.04770345                    0.00966047    -0.04326131                         0.01318148
    SCEL7_7_1_1_0_2_4/12          1      0.28571429          -0.00258288                    0.04475425    0.00085968                          0.04749781
    SCEL7_7_1_1_0_2_4/13          1      0.14285714          0.00621931                     0.01463409    0.00790916                          0.02074140
    SCEL7_7_1_1_0_2_4/14          1      0.71428571          -0.07388232                    0.01756000    -0.07471211                         0.01687849
    SCEL7_7_1_1_0_2_4/15          1      0.57142857          -0.06047627                    0.03977114    -0.06135899                         0.03674542
    SCEL7_7_1_1_0_3_5/0           1      0.85714286          -0.06911838                    0.00207885    -0.07143693                         0.00149588
    SCEL7_7_1_1_0_3_5/1           1      0.71428571          -0.09473518                    0.00539583    -0.09661384                         0.00410248
    SCEL7_7_1_1_0_3_5/2           1      0.57142857          -0.08366341                    0.02501568    -0.08248387                         0.02330231
    SCEL7_7_1_1_0_3_5/3           1      0.57142857          -0.07941199                    0.02772114    -0.08037596                         0.02464371
    SCEL7_7_1_1_0_3_5/4           1      0.42857143          -0.04739308                    0.04267222    -0.05125137                         0.03735983
    SCEL7_7_1_1_0_3_5/5           1      0.42857143          -0.02272965                    0.05993663    -0.02586703                         0.05512887
    SCEL7_7_1_1_0_3_5/6           1      0.28571429          0.00703840                     0.05223747    0.00646650                          0.05185866
    SCEL7_7_1_1_0_3_5/7           1      0.14285714          0.03597203                     0.04066771    0.03853398                          0.04753812
    SCEL7_7_1_1_0_3_6/0           1      0.85714286          -0.06136409                    0.00625423    -0.05120269                         0.01239124
    SCEL7_7_1_1_0_3_6/1           1      0.71428571          -0.03709518                    0.03901917    -0.03485339                         0.04012940
    SCEL7_7_1_1_0_3_6/2           1      0.71428571          -0.10398518                    0.00000000    -0.10364666                         0.00000000
    SCEL7_7_1_1_0_3_6/3           1      0.57142857          -0.06650199                    0.03593659    -0.06224137                         0.03618391
    SCEL7_7_1_1_0_3_6/4           1      0.42857143          -0.01517193                    0.06522702    -0.01227939                         0.06464021
    SCEL7_7_1_1_0_3_6/5           1      0.57142857          -0.06898199                    0.03435841    -0.07058725                         0.03087289
    SCEL7_7_1_1_0_3_6/6           1      0.57142857          -0.07355484                    0.03144841    -0.06589230                         0.03386059
    SCEL7_7_1_1_0_3_6/7           1      0.42857143          -0.01935236                    0.06230072    -0.02540152                         0.05545472
    SCEL7_7_1_1_0_3_6/8           1      0.42857143          -0.04129408                    0.04694152    -0.04086875                         0.04462766
    SCEL7_7_1_1_0_3_6/9           1      0.28571429          0.00935312                     0.05403781    0.00542820                          0.05105110
    SCEL7_7_1_1_0_3_6/10          1      0.42857143          -0.02956779                    0.05514992    -0.03189167                         0.05091162
    SCEL7_7_1_1_0_3_6/11          1      0.28571429          0.01062426                     0.05502647    0.01295985                          0.05690905
    SCEL7_7_1_1_0_3_6/12          1      0.28571429          -0.00505617                    0.04283058    -0.00479282                         0.04310141
    SCEL7_7_1_1_0_3_6/13          1      0.14285714          0.02375574                     0.02997846    0.02739667                          0.03779298
    SCEL7_7_1_1_0_3_6/14          1      0.71428571          -0.06194375                    0.02452417    -0.06303107                         0.02369242
    SCEL7_7_1_1_0_3_6/15          1      0.57142857          -0.01410913                    0.06927750    -0.01485284                         0.06634024
    SCEL7_7_1_1_0_6_4/0           1      0.85714286          -0.03055409                    0.02284423    -0.04373360                         0.01641305
    SCEL7_7_1_1_0_6_4/1           1      0.71428571          -0.04214090                    0.03607583    -0.04299473                         0.03538029
    SCEL7_7_1_1_0_6_4/2           1      0.71428571          -0.02919518                    0.04362750    -0.03055088                         0.04263920
    SCEL7_7_1_1_0_6_4/3           1      0.57142857          -0.04523484                    0.04947023    -0.04263877                         0.04865829
    SCEL7_7_1_1_0_6_4/4           1      0.42857143          -0.00541351                    0.07205792    -0.00700357                         0.06833329
    SCEL7_7_1_1_0_6_4/5           1      0.57142857          -0.00293913                    0.07638568    -0.00386107                         0.07333501
    SCEL7_7_1_1_0_6_4/6           1      0.57142857          -0.04533341                    0.04940750    -0.04290060                         0.04849167
    SCEL7_7_1_1_0_6_4/7           1      0.42857143          -0.00032379                    0.07562073    -0.00176972                         0.07199698
    SCEL7_7_1_1_0_6_4/8           1      0.42857143          -0.00954136                    0.06916842    -0.00827383                         0.06744411
    SCEL7_7_1_1_0_6_4/9           1      0.28571429          0.02220869                     0.06403658    0.02159934                          0.06362865
    SCEL7_7_1_1_0_6_4/10          1      0.42857143          -0.00051808                    0.07548472    -0.00600293                         0.06903374
    SCEL7_7_1_1_0_6_4/11          1      0.28571429          0.03175455                     0.07146114    0.03448987                          0.07365462
    SCEL7_7_1_1_0_6_4/12          1      0.28571429          0.01027740                     0.05475669    0.00965132                          0.05433575
    SCEL7_7_1_1_0_6_4/13          1      0.14285714          0.03148060                     0.03673771    0.03621032                          0.04550492
    SCEL7_7_1_1_0_6_4/14          1      0.71428571          -0.08457232                    0.01132417    -0.07987391                         0.01386744
    SCEL7_7_1_1_0_6_4/15          1      0.57142857          -0.03574056                    0.05551205    -0.03544196                         0.05323808
    SCEL7_7_1_1_0_6_5/0           1      0.85714286          -0.04049981                    0.01748885    -0.04152809                         0.01760064
    SCEL7_7_1_1_0_6_5/1           1      0.71428571          -0.03080232                    0.04269000    -0.03550918                         0.03974686
    SCEL7_7_1_1_0_6_5/2           1      0.71428571          -0.03953090                    0.03759833    -0.03511325                         0.03997782
    SCEL7_7_1_1_0_6_5/3           1      0.57142857          -0.03011342                    0.05909295    -0.03078412                         0.05620216
    SCEL7_7_1_1_0_6_5/4           1      0.42857143          -0.01573622                    0.06483202    -0.01799476                         0.06063945
    SCEL7_7_1_1_0_6_5/5           1      0.57142857          -0.01149341                    0.07094205    -0.01030067                         0.06923708
    SCEL7_7_1_1_0_6_5/6           1      0.57142857          -0.07060056                    0.03332841    -0.07221610                         0.02983635
    SCEL7_7_1_1_0_6_5/7           1      0.42857143          -0.02273222                    0.05993482    -0.02028856                         0.05903380
    SCEL7_7_1_1_0_6_5/8           1      0.42857143          0.00546392                     0.07967212    0.00227515                          0.07482839
    SCEL7_7_1_1_0_6_5/9           1      0.28571429          -0.00708274                    0.04125436    -0.00239181                         0.04496887
    SCEL7_7_1_1_0_6_5/10          1      0.42857143          -0.03900993                    0.04854043    -0.03895538                         0.04596702
    SCEL7_7_1_1_0_6_5/11          1      0.28571429          -0.01032188                    0.03873503    -0.00886044                         0.03993771
    SCEL7_7_1_1_0_6_5/12          1      0.28571429          0.00193483                     0.04826803    0.00218518                          0.04852875
    SCEL7_7_1_1_0_6_5/13          1      0.14285714          0.01237017                     0.02001609    0.01091283                          0.02336962
    SCEL7_7_1_1_0_6_5/14          1      0.71428571          -0.07894090                    0.01460917    -0.07509568                         0.01665474
    SCEL7_7_1_1_0_6_5/15          1      0.57142857          -0.04837627                    0.04747114    -0.03882250                         0.05108682
    SCEL8_1_1_8_0_0_0/0           1      0.87500000          -0.01058020                    0.02976467    -0.00683781                         0.03075257
    SCEL8_1_1_8_0_0_0/1           1      0.75000000          0.00163884                     0.05716643    -0.00220539                         0.05514184
    SCEL8_1_1_8_0_0_0/2           1      0.50000000          0.01585568                     0.09888250    0.01250808                          0.09289163
    SCEL8_1_1_8_0_0_0/3           1      0.37500000          -0.00488277                    0.06209791    -0.00302178                         0.06177866
    SCEL8_1_1_8_0_0_0/4           1      0.75000000          -0.01721116                    0.04639500    -0.01492948                         0.04787093
    SCEL8_1_1_8_0_0_0/5           1      0.37500000          0.01136723                     0.07391609    0.01320912                          0.07358295
    SCEL8_1_1_8_0_0_0/6           1      0.25000000          0.01381890                     0.04950850    0.01299602                          0.04968123
    SCEL8_1_1_8_0_0_0/7           1      0.25000000          0.03338202                     0.06515900    0.03042336                          0.06362311
    SCEL8_1_1_8_0_0_0/8           1      0.12500000          0.03178469                     0.03202651    0.02656425                          0.03271809
    SCEL8_1_1_8_0_0_0/9           1      0.75000000          -0.00074741                    0.05580286    0.00044343                          0.05665545
    SCEL8_1_1_8_0_0_0/10          1      0.62500000          0.00063914                     0.07168750    -0.00493140                         0.06669213
    SCEL8_1_1_8_0_0_0/11          1      0.50000000          0.00171943                     0.08945833    0.00098115                          0.08520701
    SCEL8_1_1_8_0_0_0/12          1      0.50000000          0.00881568                     0.09418917    0.00566533                          0.08832979
    SCEL8_1_1_8_0_0_0/13          1      0.62500000          -0.00453836                    0.06850135    0.00071952                          0.07016962
    SCEL8_1_1_8_0_0_0/14          1      0.62500000          -0.02915586                    0.05335212    -0.02655399                         0.05338593
    SCEL8_1_1_8_0_0_0/15          1      0.50000000          0.00076443                     0.08882167    -0.00031353                         0.08434389
    SCEL8_1_1_8_0_0_0/16          1      0.37500000          0.00449973                     0.06892155    0.00266493                          0.06591445
    SCEL8_1_1_8_0_0_0/17          1      0.62500000          0.00485164                     0.07427981    0.00881583                          0.07515197
    SCEL8_1_1_8_0_0_0/18          1      0.50000000          0.02321943                     0.10379167    0.02533429                          0.10144244
    SCEL8_1_1_8_0_0_0/19          1      0.50000000          -0.00530932                    0.08477250    0.00017897                          0.08467222
    SCEL8_1_1_8_0_0_0/20          1      0.37500000          0.02028598                     0.08040245    0.02011360                          0.07860439
    SCEL8_1_1_8_0_0_0/21          1      0.37500000          0.02273473                     0.08218336    0.02260472                          0.08041612
    SCEL8_1_1_8_0_0_0/22          1      0.25000000          0.02130252                     0.05549540    0.02037167                          0.05558176
    SCEL8_2_2_2_0_0_0/0           1      0.87500000          -0.04463270                    0.01160333    -0.05540183                         0.00485176
    SCEL8_2_2_2_0_0_0/1           1      0.62500000          -0.07666961                    0.02411288    -0.07334467                         0.02459166
    SCEL8_2_2_2_0_0_0/2           1      0.50000000          -0.01010432                    0.08157583    -0.01120857                         0.07708053
    SCEL8_2_2_2_0_0_0/3           1      0.37500000          -0.00494527                    0.06205245    0.00021096                          0.06412975
    SCEL8_2_2_2_0_0_0/4           1      0.50000000          -0.03823057                    0.06282500    -0.03666297                         0.06011093
    SCEL8_2_2_2_0_0_0/5           1      0.62500000          -0.02757211                    0.05432673    -0.02491506                         0.05439450
    SCEL8_2_2_2_0_0_0/6           1      0.37500000          -0.02307402                    0.04886791    -0.02868510                         0.04311443
    SCEL8_2_2_2_0_0_0/7           1      0.12500000          0.01653294                     0.01846940    0.01082746                          0.01872983
    SCEL8_2_4_1_0_1_1/0           1      0.87500000          -0.04835895                    0.00961600    -0.04585523                         0.00994328
    SCEL8_2_4_1_0_1_1/1           1      0.75000000          -0.04654491                    0.02963286    -0.05163984                         0.02689358
    SCEL8_2_4_1_0_1_1/2           1      0.50000000          -0.03633057                    0.06409167    -0.03651010                         0.06021285
    SCEL8_2_4_1_0_1_1/3           1      0.37500000          -0.00978277                    0.05853427    -0.00657128                         0.05919721
    SCEL8_2_4_1_0_1_1/4           1      0.75000000          -0.09124241                    0.00409143    -0.09023875                         0.00483705
    SCEL8_2_4_1_0_1_1/5           1      0.37500000          -0.00327527                    0.06326700    -0.00779002                         0.05831085
    SCEL8_2_4_1_0_1_1/6           1      0.25000000          0.01087615                     0.04715430    0.01378127                          0.05030943
    SCEL8_2_4_1_0_1_1/7           1      0.25000000          0.01803365                     0.05288030    0.01892103                          0.05442124
    SCEL8_2_4_1_0_1_1/8           1      0.12500000          0.02593019                     0.02682251    0.03044380                          0.03616658
    SCEL8_2_4_1_0_1_1/9           1      0.62500000          -0.05353336                    0.03835058    -0.05145288                         0.03806353
    SCEL8_2_4_1_0_1_1/10          1      0.75000000          -0.04867741                    0.02841429    -0.05374135                         0.02569271
    SCEL8_2_4_1_0_1_1/11          1      0.62500000          -0.06963336                    0.02844288    -0.06296726                         0.03097776
    SCEL8_2_4_1_0_1_1/12          1      0.50000000          -0.02674932                    0.07047917    -0.02626534                         0.06704269
    SCEL8_2_4_1_0_1_1/13          1      0.50000000          -0.02703057                    0.07029167    -0.02613464                         0.06712981
    SCEL8_2_4_1_0_1_1/14          1      0.62500000          -0.01263711                    0.06351750    -0.02063890                         0.05702598
    SCEL8_2_4_1_0_1_1/15          1      0.62500000          -0.05736961                    0.03598981    -0.06330104                         0.03077235
    SCEL8_2_4_1_0_1_1/16          1      0.50000000          -0.02367807                    0.07252667    -0.02741138                         0.06627865
    SCEL8_2_4_1_0_1_1/17          1      0.37500000          0.00552348                     0.06966609    0.00366418                          0.06664118
    SCEL8_2_4_1_0_1_1/18          1      0.62500000          -0.05891336                    0.03503981    -0.06018148                         0.03269208
    SCEL8_2_4_1_0_1_1/19          1      0.50000000          -0.02059682                    0.07458083    -0.02224306                         0.06972420
    SCEL8_2_4_1_0_1_1/20          1      0.50000000          -0.03508057                    0.06492500    -0.03375442                         0.06204996
    SCEL8_2_4_1_0_1_1/21          1      0.37500000          0.00102973                     0.06639791    -0.00519072                         0.06020126
    SCEL8_2_4_1_0_1_1/22          1      0.37500000          0.00507848                     0.06934245    0.00609601                          0.06840979
    SCEL8_2_4_1_0_1_1/23          1      0.25000000          0.01596515                     0.05122550    0.02374813                          0.05828292
    SCEL8_2_4_1_1_0_1/0           1      0.87500000          -0.05844020                    0.00423933    -0.06092439                         0.00190639
    SCEL8_2_4_1_1_0_1/1           1      0.75000000          -0.09713116                    0.00072643    -0.09478349                         0.00224007
    SCEL8_2_4_1_1_0_1/2           1      0.75000000          -0.07177366                    0.01521643    -0.07236916                         0.01504825
    SCEL8_2_4_1_1_0_1/3           1      0.62500000          -0.07897836                    0.02269212    -0.07679485                         0.02246847
    SCEL8_2_4_1_1_0_1/4           1      0.62500000          -0.09732086                    0.01140442    -0.09971290                         0.00836506
    SCEL8_2_4_1_1_0_1/5           1      0.50000000          -0.07830932                    0.03610583    -0.07576508                         0.03404286
    SCEL8_2_4_1_1_0_1/6           1      0.62500000          -0.07010461                    0.02815288    -0.06670004                         0.02868067
    SCEL8_2_4_1_1_0_1/7           1      0.62500000          -0.02795961                    0.05408827    -0.02599012                         0.05373292
    SCEL8_2_4_1_1_0_1/8           1      0.50000000          -0.02221932                    0.07349917    -0.03366640                         0.06210864
    SCEL8_2_4_1_1_0_1/9           1      0.50000000          -0.06400432                    0.04564250    -0.06235817                         0.04298080
    SCEL8_2_4_1_1_0_1/10          1      0.37500000          -0.01722902                    0.05311882    -0.02378354                         0.04667920
    SCEL8_2_4_1_1_0_1/11          1      0.50000000          -0.02059557                    0.07458167    -0.02110571                         0.07048244
    SCEL8_2_4_1_1_0_1/12          1      0.37500000          -0.00303777                    0.06343973    -0.00544913                         0.06001332
    SCEL8_2_4_1_1_0_1/13          1      0.37500000          0.00786223                     0.07136700    0.00830077                          0.07001325
    SCEL8_2_4_1_1_0_1/14          1      0.25000000          0.03124515                     0.06344950    0.04046850                          0.07165921
    SCEL8_2_4_1_1_0_1/15          1      0.37500000          -0.02220027                    0.04950336    -0.02336386                         0.04698442
    SCEL8_2_4_1_1_0_1/16          1      0.25000000          -0.01115685                    0.02952790    -0.00949172                         0.03169104
    SCEL8_2_4_1_1_0_1/17          1      0.12500000          0.03139132                     0.03167684    0.03815802                          0.04302366
    SCEL8_2_4_1_1_1_0/0           1      0.87500000          -0.03258520                    0.01802867    -0.04190211                         0.01205161
    SCEL8_2_4_1_1_1_0/1           1      0.75000000          -0.06781866                    0.01747643    -0.07056484                         0.01607929
    SCEL8_2_4_1_1_1_0/2           1      0.37500000          -0.01883652                    0.05194973    -0.01769562                         0.05110678
    SCEL8_2_4_1_1_1_0/3           1      0.50000000          -0.02506432                    0.07160250    -0.02042832                         0.07093403
    SCEL8_2_4_1_1_1_0/4           1      0.37500000          -0.00785152                    0.05993882    -0.01128197                         0.05577126
    SCEL8_2_4_1_1_1_0/5           1      0.25000000          0.01795065                     0.05281390    0.01813816                          0.05379495
    SCEL8_2_4_1_1_1_0/6           1      0.12500000          0.01738532                     0.01922707    0.01820183                          0.02528483
    SCEL8_2_4_1_1_1_0/7           1      0.50000000          -0.04289932                    0.05971250    -0.03524639                         0.06105532
    SCEL8_2_4_1_1_1_0/8           1      0.62500000          -0.06729211                    0.02988365    -0.06330329                         0.03077097
    SCEL8_2_4_1_1_1_0/9           1      0.62500000          0.00193164                     0.07248288    0.00351555                          0.07189026
    SCEL8_2_4_1_1_1_0/10          1      0.62500000          -0.01310461                    0.06322981    -0.01316982                         0.06162234
    SCEL8_2_4_1_1_1_0/11          1      0.50000000          -0.00846807                    0.08266667    -0.01466833                         0.07477402
    SCEL8_2_4_1_1_1_0/12          1      0.37500000          0.01110598                     0.07372609    0.00412701                          0.06697778
    SCEL8_4_1_2_0_0_0/0           1      0.87500000          -0.04831645                    0.00963867    -0.04593294                         0.00990183
    SCEL8_4_1_2_0_0_0/1           1      0.75000000          -0.05693116                    0.02369786    -0.05735060                         0.02363029
    SCEL8_4_1_2_0_0_0/2           1      0.50000000          -0.02160682                    0.07390750    -0.02458757                         0.06816120
    SCEL8_4_1_2_0_0_0/3           1      0.37500000          0.00467473                     0.06904882    0.00556326                          0.06802233
    SCEL8_4_1_2_0_0_0/4           1      0.62500000          -0.07140336                    0.02735365    -0.06654318                         0.02877720
    SCEL8_4_1_2_0_0_0/5           1      0.25000000          0.01787590                     0.05275410    0.02277461                          0.05750410
    SCEL8_4_1_2_0_0_0/6           1      0.75000000          -0.04067241                    0.03298857    -0.04852196                         0.02867522
    SCEL8_4_1_2_0_0_0/7           1      0.62500000          -0.05866086                    0.03519519    -0.06374352                         0.03050006
    SCEL8_4_1_2_0_0_0/8           1      0.62500000          -0.05999086                    0.03437673    -0.06023803                         0.03265729
    SCEL8_4_1_2_0_0_0/9           1      0.50000000          -0.03339057                    0.06605167    -0.03329918                         0.06235346
    SCEL8_4_1_2_0_0_0/10          1      0.62500000          -0.05036961                    0.04029750    -0.04735826                         0.04058330
    SCEL8_4_1_2_0_0_0/11          1      0.37500000          -0.00056527                    0.06523791    -0.00407885                         0.06100989
    SCEL8_4_1_2_0_0_0/12          1      0.50000000          -0.02819307                    0.06951667    -0.02926809                         0.06504085
    SCEL8_4_1_2_0_0_0/13          1      0.62500000          -0.01319961                    0.06317135    -0.02080688                         0.05692261
    SCEL8_4_1_2_0_0_0/14          1      0.37500000          -0.00941527                    0.05880155    -0.00682953                         0.05900939
    SCEL8_4_1_2_0_0_0/15          1      0.50000000          -0.03476682                    0.06513417    -0.03314686                         0.06245500
    SCEL8_4_1_2_0_0_0/16          1      0.37500000          -0.00538402                    0.06173336    -0.01044368                         0.05638092
    SCEL8_4_1_2_0_0_0/17          1      0.25000000          0.02044615                     0.05481030    0.01758300                          0.05335082
    SCEL8_4_1_2_0_0_0/18          1      0.37500000          0.00093223                     0.06632700    -0.00120093                         0.06310292
    SCEL8_4_1_2_0_0_0/19          1      0.12500000          0.03082419                     0.03117273    0.02982078                          0.03561278
    SCEL8_4_1_2_0_0_0/20          1      0.50000000          -0.02775682                    0.06980750    -0.02532229                         0.06767138
    SCEL8_4_1_2_0_0_1/0           1      0.87500000          -0.05163645                    0.00786800    -0.06115334                         0.00178429
    SCEL8_4_1_2_0_0_1/1           1      0.75000000          -0.09509491                    0.00189000    -0.09684443                         0.00106238
    SCEL8_4_1_2_0_0_1/2           1      0.62500000          -0.08946961                    0.01623596    -0.08343163                         0.01838430
    SCEL8_4_1_2_0_0_1/3           1      0.50000000          -0.03468182                    0.06519083    -0.03816447                         0.05910993
    SCEL8_4_1_2_0_0_1/4           1      0.37500000          0.00561098                     0.06972973    0.00557174                          0.06802849
    SCEL8_4_1_2_0_0_1/5           1      0.62500000          -0.09955211                    0.01003135    -0.09009760                         0.01428216
    SCEL8_4_1_2_0_0_1/6           1      0.37500000          -0.02879402                    0.04470791    -0.02854133                         0.04321899
    SCEL8_4_1_2_0_0_1/7           1      0.50000000          -0.03032432                    0.06809583    -0.02796392                         0.06591029
    SCEL8_4_1_2_0_0_1/8           1      0.37500000          0.00154723                     0.06677427    0.00068510                          0.06447458
    SCEL8_4_1_2_0_0_1/9           1      0.25000000          0.01642940                     0.05159690    0.02271547                          0.05745679
    SCEL8_4_1_2_0_0_1/10          1      0.12500000          0.01897007                     0.02063573    0.02490432                          0.03124259
    SCEL8_4_1_2_0_0_1/11          1      0.50000000          -0.04578307                    0.05779000    -0.04774984                         0.05271969
    SCEL8_4_1_2_0_0_1/12          1      0.50000000          -0.08039307                    0.03471667    -0.08097226                         0.03057140
    SCEL8_4_1_2_0_0_1/13          1      0.37500000          -0.03951277                    0.03691245    -0.05298875                         0.02543905
    SCEL8_4_1_2_0_0_1/14          1      0.62500000          -0.07043086                    0.02795212    -0.06676175                         0.02864269
    SCEL8_4_1_2_0_0_1/15          1      0.62500000          -0.02229211                    0.05757596    -0.02347748                         0.05527916
    SCEL8_4_1_2_0_1_0/0           1      0.87500000          -0.03982520                    0.01416733    -0.04379571                         0.01104169
    SCEL8_4_1_2_0_1_0/1           1      0.75000000          -0.03187116                    0.03801786    -0.03510877                         0.03633990
    SCEL8_4_1_2_0_1_0/2           1      0.50000000          -0.02172557                    0.07382833    -0.02172460                         0.07006984
    SCEL8_4_1_2_0_1_0/3           1      0.37500000          -0.00636527                    0.06101973    -0.00366684                         0.06130953
    SCEL8_4_1_2_0_1_0/4           1      0.75000000          -0.03972491                    0.03353000    -0.04505563                         0.03065598
    SCEL8_4_1_2_0_1_0/5           1      0.37500000          0.01252848                     0.07476064    0.00840828                          0.07009143
    SCEL8_4_1_2_0_1_0/6           1      0.25000000          0.02028340                     0.05468010    0.02205684                          0.05692989
    SCEL8_4_1_2_0_1_0/7           1      0.25000000          0.03276665                     0.06466670    0.03829024                          0.06991661
    SCEL8_4_1_2_0_1_0/8           1      0.12500000          0.03436332                     0.03431862    0.03249244                          0.03798759
    SCEL8_4_1_2_0_1_0/9           1      0.62500000          0.00119539                     0.07202981    -0.00290333                         0.06794018
    SCEL8_4_1_2_0_1_0/10          1      0.75000000          -0.06421866                    0.01953357    -0.06991274                         0.01645192
    SCEL8_4_1_2_0_1_0/11          1      0.62500000          -0.03376211                    0.05051750    -0.03682763                         0.04706369
    SCEL8_4_1_2_0_1_0/12          1      0.50000000          -0.03335057                    0.06607833    -0.03520910                         0.06108017
    SCEL8_4_1_2_0_1_0/13          1      0.50000000          0.00284818                     0.09021083    0.00874753                          0.09038460
    SCEL8_4_1_2_0_1_0/14          1      0.62500000          -0.06895336                    0.02886135    -0.06782670                         0.02798733
    SCEL8_4_1_2_0_1_0/15          1      0.62500000          -0.06235836                    0.03291981    -0.05959413                         0.03305353
    SCEL8_4_1_2_0_1_0/16          1      0.50000000          -0.02707307                    0.07026333    -0.02429274                         0.06835775
    SCEL8_4_1_2_0_1_0/17          1      0.37500000          -0.00326777                    0.06327245    -0.00497676                         0.06035686
    SCEL8_4_1_2_0_1_0/18          1      0.62500000          -0.06930961                    0.02864212    -0.05710409                         0.03458586
    SCEL8_4_1_2_0_1_0/19          1      0.50000000          -0.02054807                    0.07461333    -0.02323321                         0.06906410
    SCEL8_4_1_2_0_1_0/20          1      0.50000000          -0.03239807                    0.06671333    -0.03362528                         0.06213605
    SCEL8_4_1_2_0_1_0/21          1      0.37500000          0.00246473                     0.06744155    0.00686774                          0.06897104
    SCEL8_4_1_2_0_1_0/22          1      0.37500000          0.00293098                     0.06778064    -0.00460181                         0.06062955
    SCEL8_4_1_2_0_1_0/23          1      0.25000000          0.01531365                     0.05070430    0.00550841                          0.04369114
    SCEL8_4_1_2_0_1_2/0           1      0.87500000          -0.06357395                    0.00150133    -0.06449887                         0.00000000
    SCEL8_4_1_2_0_1_2/1           1      0.75000000          -0.07842116                    0.01141786    -0.07866118                         0.01145281
    SCEL8_4_1_2_0_1_2/2           1      0.50000000          -0.07271557                    0.03983500    -0.06638552                         0.04029590
    SCEL8_4_1_2_0_1_2/3           1      0.37500000          0.00672598                     0.07054064    0.00382924                          0.06676123
    SCEL8_4_1_2_0_1_2/4           1      0.75000000          -0.09263866                    0.00329357    -0.09570019                         0.00171624
    SCEL8_4_1_2_0_1_2/5           1      0.37500000          -0.04610027                    0.03212155    -0.04640000                         0.03023086
    SCEL8_4_1_2_0_1_2/6           1      0.25000000          0.02245915                     0.05642070    0.02422091                          0.05866115
    SCEL8_4_1_2_0_1_2/7           1      0.25000000          -0.01144798                    0.02929500    -0.00577919                         0.03466106
    SCEL8_4_1_2_0_1_2/8           1      0.12500000          0.02722382                     0.02797240    0.03077786                          0.03646352
    SCEL8_4_1_2_0_1_2/9           1      0.62500000          -0.07727586                    0.02373981    -0.07353948                         0.02447178
    SCEL8_4_1_2_0_1_2/10          1      0.75000000          -0.07642241                    0.01256000    -0.07756841                         0.01207725
    SCEL8_4_1_2_0_1_2/11          1      0.62500000          -0.07212711                    0.02690827    -0.07052657                         0.02632588
    SCEL8_4_1_2_0_1_2/12          1      0.50000000          -0.05267057                    0.05319833    -0.05076820                         0.05070745
    SCEL8_4_1_2_0_1_2/13          1      0.50000000          -0.04222307                    0.06016333    -0.03989422                         0.05795676
    SCEL8_4_1_2_0_1_2/14          1      0.62500000          -0.06875461                    0.02898365    -0.07193951                         0.02545638
    SCEL8_4_1_2_0_1_2/15          1      0.62500000          -0.08646336                    0.01808596    -0.08591809                         0.01685417
    SCEL8_4_1_2_0_1_2/16          1      0.50000000          -0.04022932                    0.06149250    -0.03950956                         0.05821320
    SCEL8_4_1_2_0_1_2/17          1      0.37500000          -0.00830527                    0.05960882    -0.00493804                         0.06038502
    SCEL8_4_1_2_0_1_2/18          1      0.62500000          -0.09191461                    0.01473135    -0.08661403                         0.01642590
    SCEL8_4_1_2_0_1_2/19          1      0.50000000          -0.04811682                    0.05623417    -0.04619166                         0.05375847
    SCEL8_4_1_2_0_1_2/20          1      0.50000000          -0.05434932                    0.05207917    -0.05445383                         0.04825036
    SCEL8_4_1_2_0_1_2/21          1      0.37500000          -0.01208402                    0.05686064    -0.01154230                         0.05558192
    SCEL8_4_1_2_0_1_2/22          1      0.37500000          -0.01294777                    0.05623245    -0.01613034                         0.05224517
    SCEL8_4_1_2_0_1_2/23          1      0.25000000          0.01919390                     0.05380850    0.02151546                          0.05649679
    SCEL8_4_2_1_0_0_2/0           1      0.87500000          -0.03183395                    0.01842933    -0.03340295                         0.01658449
    SCEL8_4_2_1_0_0_2/1           1      0.75000000          -0.05320116                    0.02582929    -0.04443691                         0.03100954
    SCEL8_4_2_1_0_0_2/2           1      0.62500000          -0.06147461                    0.03346365    -0.06075030                         0.03234204
    SCEL8_4_2_1_0_0_2/3           1      0.50000000          -0.02818307                    0.06952333    -0.03100213                         0.06388482
    SCEL8_4_2_1_0_0_2/4           1      0.37500000          -0.00724902                    0.06037700    -0.00864954                         0.05768575
    SCEL8_4_2_1_0_0_2/5           1      0.62500000          -0.03911961                    0.04722058    -0.03158696                         0.05028871
    SCEL8_4_2_1_0_0_2/6           1      0.37500000          -0.00268277                    0.06369791    -0.00615571                         0.05949944
    SCEL8_4_2_1_0_0_2/7           1      0.50000000          -0.03217432                    0.06686250    -0.03475960                         0.06137984
    SCEL8_4_2_1_0_0_2/8           1      0.37500000          -0.00937152                    0.05883336    -0.01122169                         0.05581509
    SCEL8_4_2_1_0_0_2/9           1      0.25000000          0.01662402                     0.05175260    0.01653137                          0.05250952
    SCEL8_4_2_1_0_0_2/10          1      0.12500000          0.03101557                     0.03134284    0.02865120                          0.03457315
    SCEL8_4_2_1_0_0_2/11          1      0.50000000          -0.02064682                    0.07454750    -0.02117593                         0.07043562
    SCEL8_4_2_1_0_0_2/12          1      0.50000000          -0.04111557                    0.06090167    -0.04514042                         0.05445929
    SCEL8_4_2_1_0_0_2/13          1      0.37500000          -0.00475277                    0.06219245    -0.00789701                         0.05823304
    SCEL8_4_2_1_0_0_2/14          1      0.62500000          -0.04251586                    0.04513058    -0.04639491                         0.04117613
    SCEL8_4_2_1_0_0_2/15          1      0.62500000          -0.04780961                    0.04187288    -0.04626458                         0.04125633
    SCEL8_4_2_1_1_2_0/0           1      0.87500000          -0.06638895                    0.00000000    -0.06429091                         0.00011092
    SCEL8_4_2_1_1_2_0/1           1      0.75000000          -0.03826241                    0.03436571    -0.04223925                         0.03226534
    SCEL8_4_2_1_1_2_0/2           1      0.62500000          -0.06092336                    0.03380288    -0.06338224                         0.03072239
    SCEL8_4_2_1_1_2_0/3           1      0.75000000          -0.09840241                    0.00000000    -0.09286800                         0.00333463
    SCEL8_4_2_1_1_2_0/4           1      0.62500000          -0.07517086                    0.02503519    -0.08011535                         0.02042509
    SCEL8_4_2_1_1_2_0/5           1      0.62500000          -0.02691336                    0.05473212    -0.02479692                         0.05446720
    SCEL8_4_2_1_1_2_0/6           1      0.50000000          -0.02949432                    0.06864917    -0.03380861                         0.06201384
    SCEL8_4_2_1_1_2_0/7           1      0.62500000          -0.08444461                    0.01932827    -0.07775519                         0.02187749
    SCEL8_4_2_1_1_2_0/8           1      0.37500000          -0.00202152                    0.06417882    -0.00701733                         0.05887281
    SCEL8_4_2_1_1_2_0/9           1      0.50000000          -0.03431557                    0.06543500    -0.03597398                         0.06057025
    SCEL8_4_2_1_1_2_0/10          1      0.37500000          0.00090973                     0.06631064    0.00094515                          0.06466370
    SCEL8_4_2_1_1_2_0/11          1      0.50000000          -0.03272557                    0.06649500    -0.03278944                         0.06269328
    SCEL8_4_2_1_1_2_0/12          1      0.37500000          -0.02917152                    0.04443336    -0.02496163                         0.04582241
    SCEL8_4_2_1_1_2_0/13          1      0.25000000          -0.00988373                    0.03054640    -0.00531704                         0.03503079
    SCEL8_4_2_1_1_2_0/14          1      0.37500000          0.00472223                     0.06908336    0.00616236                          0.06845804
    SCEL8_4_2_1_1_2_0/15          1      0.12500000          0.02881632                     0.02938796    0.02341049                          0.02991475
    SCEL8_4_2_1_1_2_0/16          1      0.50000000          -0.03121182                    0.06750417    -0.03096879                         0.06390705
    SCEL8_4_2_1_1_2_0/17          1      0.25000000          0.02930577                     0.06189800    0.02813648                          0.06179360
    SCEL8_4_2_1_1_3_1/0           1      0.87500000          -0.05002270                    0.00872867    -0.04931650                         0.00809726
    SCEL8_4_2_1_1_3_1/1           1      0.75000000          -0.08250616                    0.00908357    -0.07901162                         0.01125256
    SCEL8_4_2_1_1_3_1/2           1      0.75000000          -0.03239491                    0.03771857    -0.02694269                         0.04100623
    SCEL8_4_2_1_1_3_1/3           1      0.62500000          -0.06874086                    0.02899212    -0.06609128                         0.02905529
    SCEL8_4_2_1_1_3_1/4           1      0.62500000          -0.04152336                    0.04574135    -0.03668022                         0.04715440
    SCEL8_4_2_1_1_3_1/5           1      0.50000000          -0.03322432                    0.06616250    -0.03580147                         0.06068526
    SCEL8_4_2_1_1_3_1/6           1      0.62500000          -0.06715086                    0.02997058    -0.06603753                         0.02908836
    SCEL8_4_2_1_1_3_1/7           1      0.62500000          -0.00729711                    0.06680365    -0.00157244                         0.06875919
    SCEL8_4_2_1_1_3_1/8           1      0.50000000          -0.01622557                    0.07749500    -0.01691103                         0.07327889
    SCEL8_4_2_1_1_3_1/9           1      0.50000000          -0.01911307                    0.07557000    -0.01430655                         0.07501521
    SCEL8_4_2_1_1_3_1/10          1      0.37500000          0.00260473                     0.06754336    0.00059313                          0.06440769
    SCEL8_4_2_1_1_3_1/11          1      0.50000000          -0.05655182                    0.05061083    -0.06078969                         0.04402645
    SCEL8_4_2_1_1_3_1/12          1      0.37500000          -0.01184027                    0.05703791    -0.01647894                         0.05199163
    SCEL8_4_2_1_1_3_1/13          1      0.37500000          0.00970348                     0.07270609    0.00242118                          0.06573718
    SCEL8_4_2_1_1_3_1/14          1      0.25000000          0.01648952                     0.05164500    0.01950357                          0.05488727
    SCEL8_4_2_1_1_3_1/15          1      0.37500000          -0.02165027                    0.04990336    -0.01605668                         0.05229874
    SCEL8_4_2_1_1_3_1/16          1      0.25000000          -0.01196723                    0.02887960    -0.01137046                         0.03018805
    SCEL8_4_2_1_1_3_1/17          1      0.12500000          0.01794319                     0.01972296    0.01957121                          0.02650205
    SCEL8_4_2_1_1_3_2/0           1      0.87500000          -0.02581145                    0.02164133    -0.01908230                         0.02422217
    SCEL8_4_2_1_1_3_2/1           1      0.75000000          -0.04642241                    0.02970286    -0.04375543                         0.03139896
    SCEL8_4_2_1_1_3_2/2           1      0.62500000          -0.00346711                    0.06916058    -0.00205384                         0.06846294
    SCEL8_4_2_1_1_3_2/3           1      0.50000000          -0.03204932                    0.06694583    -0.03241801                         0.06294090
    SCEL8_4_2_1_1_3_2/4           1      0.37500000          -0.01386902                    0.05556245    -0.00677278                         0.05905066
    SCEL8_4_2_1_1_3_2/5           1      0.62500000          -0.07188336                    0.02705827    -0.07531703                         0.02337790
    SCEL8_4_2_1_1_3_2/6           1      0.37500000          -0.03066402                    0.04334791    -0.02877965                         0.04304567
    SCEL8_4_2_1_1_3_2/7           1      0.50000000          0.00604568                     0.09234250    0.00663461                          0.08897598
    SCEL8_4_2_1_1_3_2/8           1      0.37500000          -0.02090527                    0.05044518    -0.02314125                         0.04714632
    SCEL8_4_2_1_1_3_2/9           1      0.25000000          -0.02255148                    0.02041220    -0.02564299                         0.01877002
    SCEL8_4_2_1_1_3_2/10          1      0.12500000          -0.00185156                    0.00212762    -0.00659366                         0.00324439
    SCEL8_4_2_1_1_3_2/11          1      0.50000000          -0.05859557                    0.04924833    -0.06036730                         0.04430804
    SCEL8_4_2_1_1_3_2/12          1      0.50000000          -0.03365057                    0.06587833    -0.03599630                         0.06055538
    SCEL8_4_2_1_1_3_2/13          1      0.37500000          -0.06552652                    0.01799336    -0.06608665                         0.01591331
    SCEL8_4_2_1_1_3_2/14          1      0.62500000          -0.03460336                    0.04999981    -0.03717238                         0.04685153
    SCEL8_4_2_1_1_3_2/15          1      0.62500000          -0.00394711                    0.06886519    -0.00590371                         0.06609379
    SCEL8_8_1_1_0_0_3/0           1      0.87500000          -0.03100020                    0.01887400    -0.03258536                         0.01702054
    SCEL8_8_1_1_0_0_3/1           1      0.75000000          -0.04648491                    0.02966714    -0.04242215                         0.03216083
    SCEL8_8_1_1_0_0_3/2           1      0.75000000          -0.07951741                    0.01079143    -0.06831518                         0.01736481
    SCEL8_8_1_1_0_0_3/3           1      0.62500000          -0.04139461                    0.04582058    -0.04059389                         0.04474599
    SCEL8_8_1_1_0_0_3/4           1      0.62500000          -0.06613586                    0.03059519    -0.06200436                         0.03157031
    SCEL8_8_1_1_0_0_3/5           1      0.50000000          -0.03359807                    0.06591333    -0.03267491                         0.06276964
    SCEL8_8_1_1_0_0_3/6           1      0.62500000          -0.03855461                    0.04756827    -0.03038978                         0.05102544
    SCEL8_8_1_1_0_0_3/7           1      0.62500000          -0.04832086                    0.04155827    -0.04638544                         0.04118195
    SCEL8_8_1_1_0_0_3/8           1      0.50000000          -0.02755682                    0.06994083    -0.02954624                         0.06485542
    SCEL8_8_1_1_0_0_3/9           1      0.50000000          -0.04138932                    0.06071917    -0.04633489                         0.05366299
    SCEL8_8_1_1_0_0_3/10          1      0.37500000          -0.01114277                    0.05754518    -0.01176878                         0.05541721
    SCEL8_8_1_1_0_0_3/11          1      0.50000000          -0.02029807                    0.07478000    -0.01706969                         0.07317312
    SCEL8_8_1_1_0_0_3/12          1      0.37500000          -0.00078777                    0.06507609    -0.00391405                         0.06112974
    SCEL8_8_1_1_0_0_3/13          1      0.37500000          -0.00813277                    0.05973427    -0.00763829                         0.05842120
    SCEL8_8_1_1_0_0_3/14          1      0.25000000          0.01588440                     0.05116090    0.01742840                          0.05322713
    SCEL8_8_1_1_0_0_3/15          1      0.37500000          -0.00154152                    0.06452791    -0.00457895                         0.06064618
    SCEL8_8_1_1_0_0_3/16          1      0.25000000          0.00862652                     0.04535460    0.01059037                          0.04775671
    SCEL8_8_1_1_0_0_3/17          1      0.12500000          0.03024907                     0.03066151    0.02928950                          0.03514053
    SCEL8_8_1_1_0_0_5/0           1      0.87500000          -0.02549020                    0.02181267    -0.03207869                         0.01729076
    SCEL8_8_1_1_0_0_5/1           1      0.75000000          -0.04420616                    0.03096929    -0.03598084                         0.03584158
    SCEL8_8_1_1_0_0_5/2           1      0.75000000          -0.04988116                    0.02772643    -0.05298130                         0.02612703
    SCEL8_8_1_1_0_0_5/3           1      0.62500000          -0.01369461                    0.06286673    -0.01568949                         0.06007177
    SCEL8_8_1_1_0_0_5/4           1      0.62500000          -0.06506086                    0.03125673    -0.05034312                         0.03874646
    SCEL8_8_1_1_0_0_5/5           1      0.50000000          -0.01143307                    0.08069000    -0.01341832                         0.07560736
    SCEL8_8_1_1_0_0_5/6           1      0.62500000          -0.03856961                    0.04755904    -0.03906283                         0.04568818
    SCEL8_8_1_1_0_0_5/7           1      0.62500000          -0.05307086                    0.03863519    -0.04447142                         0.04235981
    SCEL8_8_1_1_0_0_5/8           1      0.50000000          -0.02150307                    0.07397667    -0.01764204                         0.07279155
    SCEL8_8_1_1_0_0_5/9           1      0.50000000          -0.03831307                    0.06277000    -0.04220090                         0.05641898
    SCEL8_8_1_1_0_0_5/10          1      0.37500000          0.00255223                     0.06750518    0.00227865                          0.06563352
    SCEL8_8_1_1_0_0_5/11          1      0.50000000          0.00583318                     0.09220083    0.00790201                          0.08982092
    SCEL8_8_1_1_0_0_5/12          1      0.37500000          0.01634473                     0.07753609    0.01772792                          0.07686936
    SCEL8_8_1_1_0_0_5/13          1      0.37500000          -0.00295527                    0.06349973    -0.00377740                         0.06122912
    SCEL8_8_1_1_0_0_5/14          1      0.25000000          0.02832002                     0.06110940    0.02893781                          0.06243466
    SCEL8_8_1_1_0_0_5/15          1      0.37500000          0.00690848                     0.07067336    0.00696765                          0.06904370
    SCEL8_8_1_1_0_0_5/16          1      0.25000000          0.02471502                     0.05822540    0.02809099                          0.06175721
    SCEL8_8_1_1_0_0_5/17          1      0.12500000          0.03461219                     0.03453984    0.03638576                          0.04144832
    SCEL8_8_1_1_0_0_6/0           1      0.87500000          -0.05387020                    0.00667667    -0.04616225                         0.00977953
    SCEL8_8_1_1_0_0_6/1           1      0.75000000          -0.04327991                    0.03149857    -0.03718669                         0.03515252
    SCEL8_8_1_1_0_0_6/2           1      0.50000000          -0.06510182                    0.04491083    -0.06337306                         0.04230420
    SCEL8_8_1_1_0_0_6/3           1      0.37500000          -0.00502527                    0.06199427    -0.00835450                         0.05790032
    SCEL8_8_1_1_0_0_6/4           1      0.75000000          -0.04645491                    0.02968429    -0.05726899                         0.02367692
    SCEL8_8_1_1_0_0_6/5           1      0.37500000          -0.03203277                    0.04235245    -0.03531299                         0.03829415
    SCEL8_8_1_1_0_0_6/6           1      0.25000000          0.00829440                     0.04508890    0.01224260                          0.04907850
    SCEL8_8_1_1_0_0_6/7           1      0.25000000          0.00642302                     0.04359180    0.00705551                          0.04492882
    SCEL8_8_1_1_0_0_6/8           1      0.12500000          0.02783219                     0.02851318    0.02964096                          0.03545294
    SCEL8_8_1_1_0_0_6/9           1      0.62500000          -0.01521336                    0.06193212    -0.01937786                         0.05780201
    SCEL8_8_1_1_0_0_6/10          1      0.75000000          -0.07408241                    0.01389714    -0.08520881                         0.00771131
    SCEL8_8_1_1_0_0_6/11          1      0.62500000          -0.04460711                    0.04384365    -0.05251882                         0.03740757
    SCEL8_8_1_1_0_0_6/12          1      0.50000000          -0.04624307                    0.05748333    -0.04983970                         0.05132644
    SCEL8_8_1_1_0_0_6/13          1      0.50000000          -0.00679432                    0.08378250    -0.00680372                         0.08001710
    SCEL8_8_1_1_0_0_6/14          1      0.62500000          -0.07253336                    0.02665827    -0.07365439                         0.02440106
    SCEL8_8_1_1_0_0_6/15          1      0.62500000          -0.07109461                    0.02754365    -0.06716584                         0.02839402
    SCEL8_8_1_1_0_0_6/16          1      0.50000000          -0.03504432                    0.06494917    -0.03638124                         0.06029875
    SCEL8_8_1_1_0_0_6/17          1      0.37500000          -0.00144527                    0.06459791    -0.00718261                         0.05875260
    SCEL8_8_1_1_0_0_6/18          1      0.62500000          -0.09107336                    0.01524904    -0.08755558                         0.01584648
    SCEL8_8_1_1_0_0_6/19          1      0.50000000          -0.04104932                    0.06094583    -0.03983258                         0.05799786
    SCEL8_8_1_1_0_0_6/20          1      0.50000000          -0.05125807                    0.05414000    -0.04812156                         0.05247187
    SCEL8_8_1_1_0_0_6/21          1      0.37500000          -0.01478152                    0.05489882    -0.01029277                         0.05649067
    SCEL8_8_1_1_0_0_6/22          1      0.37500000          -0.00835277                    0.05957427    -0.01211399                         0.05516614
    SCEL8_8_1_1_0_0_6/23          1      0.25000000          0.01229902                     0.04829260    0.01503028                          0.05130864
    SCEL8_8_1_1_0_0_7/0           1      0.87500000          -0.02811895                    0.02041067    -0.01880983                         0.02436749
    SCEL8_8_1_1_0_0_7/1           1      0.75000000          -0.00612991                    0.05272714    -0.00634769                         0.05277481
    SCEL8_8_1_1_0_0_7/2           1      0.50000000          -0.00971807                    0.08183333    -0.01806486                         0.07250967
    SCEL8_8_1_1_0_0_7/3           1      0.37500000          0.00137098                     0.06664609    0.00329676                          0.06637397
    SCEL8_8_1_1_0_0_7/4           1      0.75000000          -0.02825866                    0.04008214    -0.02612410                         0.04147400
    SCEL8_8_1_1_0_0_7/5           1      0.37500000          0.01931348                     0.07969518    0.02061609                          0.07896984
    SCEL8_8_1_1_0_0_7/6           1      0.25000000          0.01835327                     0.05313600    0.02045289                          0.05564673
    SCEL8_8_1_1_0_0_7/7           1      0.25000000          0.02475590                     0.05825810    0.02696185                          0.06085389
    SCEL8_8_1_1_0_0_7/8           1      0.12500000          0.03102832                     0.03135418    0.02745961                          0.03351396
    SCEL8_8_1_1_0_0_7/9           1      0.62500000          -0.00743961                    0.06671596    -0.00753801                         0.06508807
    SCEL8_8_1_1_0_0_7/10          1      0.75000000          -0.05751366                    0.02336500    -0.04540067                         0.03045882
    SCEL8_8_1_1_0_0_7/11          1      0.62500000          -0.00778586                    0.06650288    -0.01056643                         0.06322442
    SCEL8_8_1_1_0_0_7/12          1      0.50000000          0.01167943                     0.09609833    0.01030621                          0.09142371
    SCEL8_8_1_1_0_0_7/13          1      0.50000000          0.00020943                     0.08845167    0.00283321                          0.08644172
    SCEL8_8_1_1_0_0_7/14          1      0.62500000          -0.01634586                    0.06123519    -0.02217326                         0.05608176
    SCEL8_8_1_1_0_0_7/15          1      0.62500000          -0.01002086                    0.06512750    -0.02178660                         0.05631970
    SCEL8_8_1_1_0_0_7/16          1      0.50000000          0.00094443                     0.08894167    -0.00555528                         0.08084939
    SCEL8_8_1_1_0_0_7/17          1      0.37500000          0.01967973                     0.07996155    0.01395562                          0.07412586
    SCEL8_8_1_1_0_0_7/18          1      0.62500000          -0.05356836                    0.03832904    -0.05599462                         0.03526861
    SCEL8_8_1_1_0_0_7/19          1      0.50000000          -0.02822557                    0.06949500    -0.03209357                         0.06315720
    SCEL8_8_1_1_0_0_7/20          1      0.50000000          -0.01536557                    0.07806833    -0.01495891                         0.07458030
    SCEL8_8_1_1_0_0_7/21          1      0.37500000          -0.00576527                    0.06145609    -0.00391403                         0.06112975
    SCEL8_8_1_1_0_0_7/22          1      0.37500000          -0.00074777                    0.06510518    0.00113708                          0.06480329
    SCEL8_8_1_1_0_0_7/23          1      0.25000000          0.00813565                     0.04496190    0.01089775                          0.04800262
    SCEL8_8_1_1_0_1_0/0           1      0.87500000          -0.03359020                    0.01749267    -0.03577441                         0.01531971
    SCEL8_8_1_1_0_1_0/1           1      0.75000000          -0.02798241                    0.04024000    -0.03201515                         0.03810769
    SCEL8_8_1_1_0_1_0/2           1      0.50000000          -0.04328557                    0.05945500    -0.04992991                         0.05126630
    SCEL8_8_1_1_0_1_0/3           1      0.37500000          -0.00052152                    0.06526973    -0.00119218                         0.06310928
    SCEL8_8_1_1_0_1_0/4           1      0.75000000          -0.03013491                    0.03901000    -0.03632732                         0.03564359
    SCEL8_8_1_1_0_1_0/5           1      0.37500000          -0.02978777                    0.04398518    -0.03116134                         0.04131353
    SCEL8_8_1_1_0_1_0/6           1      0.25000000          0.00507965                     0.04251710    0.00187401                          0.04078363
    SCEL8_8_1_1_0_1_0/7           1      0.25000000          -0.01766935                    0.02431790    -0.01587196                         0.02658685
    SCEL8_8_1_1_0_1_0/8           1      0.12500000          0.01656069                     0.01849407    0.01312602                          0.02077299
    SCEL8_8_1_1_0_1_0/9           1      0.62500000          -0.01479836                    0.06218750    -0.01593927                         0.05991806
    SCEL8_8_1_1_0_1_0/10          1      0.75000000          -0.07263116                    0.01472643    -0.06824616                         0.01740425
    SCEL8_8_1_1_0_1_0/11          1      0.62500000          -0.02944461                    0.05317442    -0.03540622                         0.04793840
    SCEL8_8_1_1_0_1_0/12          1      0.50000000          -0.02030057                    0.07477833    -0.02225937                         0.06971333
    SCEL8_8_1_1_0_1_0/13          1      0.50000000          -0.01202557                    0.08029500    -0.01018967                         0.07775979
    SCEL8_8_1_1_0_1_0/14          1      0.62500000          -0.05126086                    0.03974904    -0.05050400                         0.03864746
    SCEL8_8_1_1_0_1_0/15          1      0.62500000          -0.03656086                    0.04879519    -0.02932432                         0.05168111
    SCEL8_8_1_1_0_1_0/16          1      0.50000000          -0.01269932                    0.07984583    -0.00970234                         0.07808468
    SCEL8_8_1_1_0_1_0/17          1      0.37500000          0.01338973                     0.07538700    0.01306653                          0.07347925
    SCEL8_8_1_1_0_1_0/18          1      0.62500000          -0.06813711                    0.02936365    -0.07046339                         0.02636476
    SCEL8_8_1_1_0_1_0/19          1      0.50000000          -0.03938557                    0.06205500    -0.04365610                         0.05544885
    SCEL8_8_1_1_0_1_0/20          1      0.50000000          -0.04000182                    0.06164417    -0.03763119                         0.05946545
    SCEL8_8_1_1_0_1_0/21          1      0.37500000          -0.02614902                    0.04663155    -0.02264902                         0.04750431
    SCEL8_8_1_1_0_1_0/22          1      0.37500000          -0.01450277                    0.05510155    -0.01334712                         0.05426933
    SCEL8_8_1_1_0_1_0/23          1      0.25000000          0.00507290                     0.04251170    0.01006280                          0.04733466
    SCEL8_8_1_1_0_4_3/0           1      0.87500000          -0.02237520                    0.02347400    -0.01544666                         0.02616118
    SCEL8_8_1_1_0_4_3/1           1      0.75000000          -0.03980616                    0.03348357    -0.03801505                         0.03467917
    SCEL8_8_1_1_0_4_3/2           1      0.75000000          0.00223884                     0.05750929    0.00521557                          0.05938239
    SCEL8_8_1_1_0_4_3/3           1      0.62500000          -0.03323586                    0.05084135    -0.02929259                         0.05170063
    SCEL8_8_1_1_0_4_3/4           1      0.62500000          -0.02069086                    0.05856135    -0.02934472                         0.05166855
    SCEL8_8_1_1_0_4_3/5           1      0.50000000          -0.04321432                    0.05950250    -0.04088814                         0.05729415
    SCEL8_8_1_1_0_4_3/6           1      0.62500000          -0.02857461                    0.05370981    -0.03506764                         0.04814675
    SCEL8_8_1_1_0_4_3/7           1      0.62500000          0.00118789                     0.07202519    -0.00074641                         0.06926751
    SCEL8_8_1_1_0_4_3/8           1      0.50000000          -0.02668682                    0.07052083    -0.02668686                         0.06676167
    SCEL8_8_1_1_0_4_3/9           1      0.50000000          -0.01054307                    0.08128333    -0.01190404                         0.07661689
    SCEL8_8_1_1_0_4_3/10          1      0.37500000          -0.02703402                    0.04598791    -0.02753006                         0.04395446
    SCEL8_8_1_1_0_4_3/11          1      0.50000000          -0.02515182                    0.07154417    -0.03036636                         0.06430867
    SCEL8_8_1_1_0_4_3/12          1      0.37500000          -0.04446152                    0.03331336    -0.04604452                         0.03048940
    SCEL8_8_1_1_0_4_3/13          1      0.37500000          -0.01178027                    0.05708155    -0.00314638                         0.06168805
    SCEL8_8_1_1_0_4_3/14          1      0.25000000          -0.02029610                    0.02221650    -0.01992108                         0.02334756
    SCEL8_8_1_1_0_4_3/15          1      0.37500000          -0.02968027                    0.04406336    -0.02820581                         0.04346301
    SCEL8_8_1_1_0_4_3/16          1      0.25000000          -0.03751285                    0.00844310    -0.03607111                         0.01042753
    SCEL8_8_1_1_0_4_3/17          1      0.12500000          0.00144107                     0.00505440    -0.00449815                         0.00510707
    SCEL8_8_1_1_0_5_2/0           1      0.87500000          -0.04476770                    0.01153133    -0.04825954                         0.00866098
    SCEL8_8_1_1_0_5_2/1           1      0.75000000          -0.06473116                    0.01924071    -0.06618484                         0.01858215
    SCEL8_8_1_1_0_5_2/2           1      0.50000000          -0.08382057                    0.03243167    -0.08698123                         0.02656542
    SCEL8_8_1_1_0_5_2/3           1      0.37500000          -0.02992527                    0.04388518    -0.02147349                         0.04835924
    SCEL8_8_1_1_0_5_2/4           1      0.75000000          -0.07010866                    0.01616786    -0.06251371                         0.02067993
    SCEL8_8_1_1_0_5_2/5           1      0.37500000          -0.05192777                    0.02788336    -0.05585263                         0.02335623
    SCEL8_8_1_1_0_5_2/6           1      0.25000000          -0.00608498                    0.03358540    -0.00442743                         0.03574248
    SCEL8_8_1_1_0_5_2/7           1      0.25000000          -0.02112823                    0.02155080    -0.01847313                         0.02450591
    SCEL8_8_1_1_0_5_2/8           1      0.12500000          0.00802969                     0.01091096    0.00672078                          0.01507945
    SCEL8_8_1_1_0_5_2/9           1      0.62500000          -0.04191336                    0.04550135    -0.03672045                         0.04712964
    SCEL8_8_1_1_0_5_2/10          1      0.75000000          -0.09387741                    0.00258571    -0.09485647                         0.00219836
    SCEL8_8_1_1_0_5_2/11          1      0.62500000          -0.08330086                    0.02003212    -0.08037482                         0.02026541
    SCEL8_8_1_1_0_5_2/12          1      0.50000000          -0.08410057                    0.03224500    -0.08716393                         0.02644362
    SCEL8_8_1_1_0_5_2/13          1      0.50000000          -0.02483057                    0.07175833    -0.02638144                         0.06696528
    SCEL8_8_1_1_0_5_2/14          1      0.62500000          -0.01862461                    0.05983288    -0.02818606                         0.05238158
    SCEL8_8_1_1_0_5_2/15          1      0.50000000          -0.02897557                    0.06899500    -0.02959541                         0.06482264
    SCEL8_8_1_1_0_5_2/16          1      0.37500000          -0.00942277                    0.05879609    -0.01053549                         0.05631414
    SCEL8_8_1_1_0_5_2/17          1      0.62500000          -0.10870961                    0.00439596    -0.10069288                         0.00776199
    SCEL8_8_1_1_0_5_2/18          1      0.50000000          -0.05992807                    0.04836000    -0.06389359                         0.04195718
    SCEL8_8_1_1_0_5_2/19          1      0.50000000          -0.06007557                    0.04826167    -0.05894120                         0.04525877
    SCEL8_8_1_1_0_5_2/20          1      0.37500000          -0.02121777                    0.05021791    -0.02159188                         0.04827313
    SCEL8_8_1_1_0_5_2/21          1      0.37500000          -0.06577777                    0.01781064    -0.06844253                         0.01419994
    SCEL8_8_1_1_0_5_2/22          1      0.25000000          -0.00996698                    0.03047980    -0.00845680                         0.03251898
