#                  name    selected         comp(a)    formation_energy    hull_dist(MASTER,atom_frac)        clex()    clex_hull_dist(MASTER,atom_frac)
    SCEL1_1_1_1_0_0_0/0           1      1.00000000          0.00000000                     0.00000000    0.00417956                          0.00000000
    SCEL1_1_1_1_0_0_0/1           1      0.00000000          0.03957646                     0.00000000    0.03000145                          0.00000000
    SCEL2_2_1_1_0_0_1/0           1      0.50000000          -0.01383632                    0.07908783    -0.00729225                         0.08201052
    SCEL2_2_1_1_0_1_1/0           1      0.50000000          -0.03327882                    0.06612617    -0.03140812                         0.06593327
    SCEL3_3_1_1_0_0_2/0           1      0.66666667          -0.06338554                    0.02815750    -0.06816993                         0.02537015
    SCEL3_3_1_1_0_0_2/1           1      0.33333333          0.02390491                     0.07507906    0.03309897                          0.08247788
    SCEL3_3_1_1_0_2_1/0           1      0.66666667          -0.10334154                    0.00418390    -0.10361908                         0.00410066
    SCEL3_3_1_1_0_2_1/1           1      0.33333333          -0.04529576                    0.02317856    -0.04395709                         0.02468583
    SCEL3_3_1_1_0_2_2/0           1      0.66666667          0.01616612                     0.07588850    0.01504942                          0.07530176
    SCEL3_3_1_1_0_2_2/1           1      0.33333333          0.01525024                     0.06858806    0.01097854                          0.06588756
    SCEL4_2_2_1_0_1_0/0           1      0.75000000          -0.08184416                    0.00946186    -0.08390564                         0.00856305
    SCEL4_2_2_1_0_1_0/1           1      0.25000000          0.00283177                     0.04071880    0.00416149                          0.04345183
    SCEL4_2_2_1_1_1_0/0           1      0.75000000          0.04062359                     0.07944343    0.03624214                          0.07721892
    SCEL4_2_2_1_1_1_0/1           1      0.25000000          -0.03132248                    0.01339540    -0.03000296                         0.01612027
    SCEL4_4_1_1_0_0_0/0           1      0.75000000          -0.03514166                    0.03614900    -0.02298353                         0.04337568
    SCEL4_4_1_1_0_0_0/1           1      0.50000000          0.02063093                     0.10206600    0.01707547                          0.09825567
    SCEL4_4_1_1_0_0_0/2           1      0.25000000          0.02262802                     0.05655580    0.02300511                          0.05852672
    SCEL4_4_1_1_0_0_2/0           1      0.75000000          -0.09671416                    0.00096471    -0.09839010                         0.00028621
    SCEL4_4_1_1_0_0_2/1           1      0.50000000          -0.04330832                    0.05943983    -0.04311486                         0.05812878
    SCEL4_4_1_1_0_0_2/2           1      0.25000000          0.01807152                     0.05291060    0.02087018                          0.05681878
    SCEL4_4_1_1_0_0_3/0           1      0.75000000          -0.01988016                    0.04486986    -0.02920704                         0.03981939
    SCEL4_4_1_1_0_0_3/1           1      0.50000000          -0.01958857                    0.07525300    -0.01254468                         0.07850890
    SCEL4_4_1_1_0_0_3/2           1      0.25000000          0.01329377                     0.04908840    0.01054801                          0.04856104
    SCEL4_4_1_1_0_1_0/0           1      0.75000000          -0.05279891                    0.02605914    -0.05656649                         0.02418542
    SCEL4_4_1_1_0_1_0/1           1      0.50000000          -0.02725232                    0.07014383    -0.03497878                         0.06355283
    SCEL4_4_1_1_0_1_0/2           1      0.25000000          0.00992627                     0.04639440    0.00955455                          0.04776627
    SCEL4_4_1_1_0_2_1/0           1      0.75000000          -0.04620766                    0.02982557    -0.04202667                         0.03249389
    SCEL4_4_1_1_0_2_1/1           1      0.50000000          -0.13246807                    0.00000000    -0.13030803                         0.00000000
    SCEL4_4_1_1_0_2_1/2           1      0.25000000          -0.04806673                    0.00000000    -0.04881107                         0.00107378
    SCEL5_1_1_5_0_0_0/0           1      0.80000000          -0.00600593                    0.04578589    -0.01396854                         0.04259815
    SCEL5_1_1_5_0_0_0/1           1      0.60000000          0.00576515                     0.07808825    -0.00092427                         0.07341941
    SCEL5_1_1_5_0_0_0/2           1      0.60000000          -0.00874985                    0.06901638    -0.00652377                         0.06991972
    SCEL5_1_1_5_0_0_0/3           1      0.40000000          -0.00212398                    0.06898825    -0.00106183                         0.06941736
    SCEL5_1_1_5_0_0_0/4           1      0.40000000          0.02927302                     0.09141468    0.02949925                          0.09124670
    SCEL5_1_1_5_0_0_0/5           1      0.20000000          0.02443009                     0.04580682    0.02708129                          0.05100303
    SCEL5_5_1_1_0_0_3/0           1      0.80000000          -0.05791073                    0.01694989    -0.06824724                         0.01244332
    SCEL5_5_1_1_0_0_3/1           1      0.60000000          -0.08757945                    0.01974788    -0.08042232                         0.02373313
    SCEL5_5_1_1_0_0_3/2           1      0.60000000          -0.05363025                    0.04096612    -0.05057036                         0.04239060
    SCEL5_5_1_1_0_0_3/3           1      0.40000000          -0.02531138                    0.05242582    -0.03248939                         0.04696910
    SCEL5_5_1_1_0_0_3/4           1      0.40000000          0.00539222                     0.07435696    -0.00550228                         0.06624561
    SCEL5_5_1_1_0_0_3/5           1      0.20000000          0.03095969                     0.05124815    0.02991815                          0.05336708
    SCEL5_5_1_1_0_0_4/0           1      0.80000000          -0.04938953                    0.02168389    -0.03742306                         0.02956786
    SCEL5_5_1_1_0_0_4/1           1      0.60000000          -0.04730905                    0.04491688    -0.05030914                         0.04255386
    SCEL5_5_1_1_0_0_4/2           1      0.60000000          0.00802395                     0.07950000    -0.00615947                         0.07014740
    SCEL5_5_1_1_0_0_4/3           1      0.40000000          0.01721022                     0.08279839    0.01281826                          0.07933171
    SCEL5_5_1_1_0_0_4/4           1      0.40000000          -0.01058398                    0.06294539    -0.01295316                         0.06092356
    SCEL5_5_1_1_0_0_4/5           1      0.20000000          0.02557549                     0.04676132    0.02407504                          0.04849782
    SCEL5_5_1_1_0_1_3/0           1      0.80000000          -0.07895133                    0.00526067    -0.08471222                         0.00329611
    SCEL5_5_1_1_0_1_3/1           1      0.60000000          -0.10494705                    0.00889313    -0.10249348                         0.00993865
    SCEL5_5_1_1_0_1_3/2           1      0.40000000          -0.05736098                    0.02953325    -0.06200780                         0.02588452
    SCEL5_5_1_1_0_1_3/3           1      0.20000000          -0.00083071                    0.02475615    0.00142351                          0.02962155
    SCEL5_5_1_1_0_4_3/0           1      0.80000000          -0.04813633                    0.02238011    -0.04939825                         0.02291498
    SCEL5_5_1_1_0_4_3/1           1      0.60000000          -0.04979265                    0.04336463    -0.05225534                         0.04133749
    SCEL5_5_1_1_0_4_3/2           1      0.60000000          -0.01327965                    0.06618525    -0.01900076                         0.06212160
    SCEL5_5_1_1_0_4_3/3           1      0.40000000          -0.01999398                    0.05622396    -0.02386100                         0.05313224
    SCEL5_5_1_1_0_4_3/4           1      0.40000000          0.00087202                     0.07112825    -0.00382903                         0.06744079
    SCEL5_5_1_1_0_4_3/5           1      0.20000000          -0.00893691                    0.01800098    -0.00066780                         0.02787878
    SCEL6_2_3_1_0_1_0/0           1      0.83333333          -0.04912427                    0.01780455    -0.05057769                         0.01885655
    SCEL6_2_3_1_0_1_0/1           1      0.66666667          -0.07678388                    0.02011850    -0.07054712                         0.02394384
    SCEL6_2_3_1_0_1_0/2           1      0.66666667          -0.06121288                    0.02946110    -0.05824943                         0.03132245
    SCEL6_2_3_1_0_1_0/3           1      0.50000000          -0.03806665                    0.06293428    -0.03918033                         0.06075180
    SCEL6_2_3_1_0_1_0/4           1      0.50000000          -0.01601665                    0.07763428    -0.01297572                         0.07822154
    SCEL6_2_3_1_0_1_0/5           1      0.33333333          0.01214624                     0.06626006    0.01102698                          0.06592389
    SCEL6_2_3_1_0_1_0/6           1      0.33333333          0.01073974                     0.06520519    0.01138074                          0.06618921
    SCEL6_2_3_1_0_1_0/7           1      0.16666667          0.02731914                     0.03957554    0.03046220                          0.04619764
    SCEL6_3_1_2_0_0_0/0           1      0.83333333          -0.05407094                    0.01510636    -0.05271113                         0.01769286
    SCEL6_3_1_2_0_0_0/1           1      0.66666667          -0.06642321                    0.02633490    -0.06244817                         0.02880321
    SCEL6_3_1_2_0_0_0/2           1      0.66666667          -0.07682738                    0.02009240    -0.06921334                         0.02474410
    SCEL6_3_1_2_0_0_0/3           1      0.50000000          -0.02988432                    0.06838917    -0.03493460                         0.06358229
    SCEL6_3_1_2_0_0_0/4           1      0.50000000          -0.01606932                    0.07759917    -0.01177803                         0.07902000
    SCEL6_3_1_2_0_0_0/5           1      0.33333333          0.01611758                     0.06923856    0.01322043                          0.06756898
    SCEL6_3_1_2_0_0_0/6           1      0.33333333          0.00728758                     0.06261606    0.00645338                          0.06249369
    SCEL6_3_1_2_0_0_0/7           1      0.16666667          0.02043280                     0.03367297    0.02839428                          0.04442514
    SCEL6_3_1_2_0_0_2/0           1      0.83333333          -0.03561761                    0.02517182    -0.04930247                         0.01955213
    SCEL6_3_1_2_0_0_2/1           1      0.66666667          -0.04343854                    0.04012570    -0.03790070                         0.04353169
    SCEL6_3_1_2_0_0_2/2           1      0.66666667          -0.07089354                    0.02365270    -0.06725873                         0.02591687
    SCEL6_3_1_2_0_0_2/3           1      0.50000000          -0.03339648                    0.06604772    -0.03567496                         0.06308871
    SCEL6_3_1_2_0_0_2/4           1      0.50000000          -0.02155865                    0.07393961    -0.02930848                         0.06733303
    SCEL6_3_1_2_0_0_2/5           1      0.33333333          -0.00026876                    0.05694881    -0.00129021                         0.05668600
    SCEL6_3_1_2_0_0_2/6           1      0.33333333          0.00115391                     0.05801581    -0.00274128                         0.05559769
    SCEL6_3_1_2_0_0_2/7           1      0.16666667          0.03145880                     0.04312383    0.03303420                          0.04840221
    SCEL6_3_1_2_0_2_2/0           1      0.83333333          -0.05600094                    0.01405364    -0.05721530                         0.01523604
    SCEL6_3_1_2_0_2_2/1           1      0.66666667          -0.03127454                    0.04742410    -0.03540145                         0.04503124
    SCEL6_3_1_2_0_2_2/2           1      0.66666667          -0.08244638                    0.01672100    -0.08115228                         0.01758074
    SCEL6_3_1_2_0_2_2/3           1      0.50000000          -0.01858665                    0.07592094    -0.02169373                         0.07240953
    SCEL6_3_1_2_0_2_2/4           1      0.50000000          -0.05919848                    0.04884639    -0.05786060                         0.04829829
    SCEL6_3_1_2_0_2_2/5           1      0.33333333          0.00801041                     0.06315819    -0.00004925                         0.05761672
    SCEL6_3_1_2_0_2_2/6           1      0.33333333          0.00128258                     0.05811231    0.00400509                          0.06065747
    SCEL6_3_1_2_0_2_2/7           1      0.16666667          0.02327364                     0.03610797    0.02441046                          0.04101043
    SCEL6_3_2_1_0_1_2/0           1      0.83333333          -0.08176594                    0.00000000    -0.08514804                         0.00000000
    SCEL6_3_2_1_0_1_2/1           1      0.66666667          -0.09343504                    0.01012780    -0.09392715                         0.00991582
    SCEL6_3_2_1_0_1_2/2           1      0.66666667          -0.10043638                    0.00592700    -0.10219442                         0.00495546
    SCEL6_3_2_1_0_1_2/3           1      0.50000000          -0.09215315                    0.02687661    -0.09149900                         0.02587268
    SCEL6_3_2_1_0_1_2/4           1      0.50000000          -0.06639898                    0.04404606    -0.05960783                         0.04713347
    SCEL6_3_2_1_0_1_2/5           1      0.33333333          -0.02479859                    0.03855144    -0.03229840                         0.03342985
    SCEL6_3_2_1_0_1_2/6           1      0.33333333          0.02339608                     0.07469744    0.01662731                          0.07012413
    SCEL6_3_2_1_0_1_2/7           1      0.16666667          0.02266314                     0.03558469    0.02644817                          0.04275704
    SCEL6_6_1_1_0_0_5/0           1      0.83333333          -0.03063261                    0.02789091    -0.02851354                         0.03089155
    SCEL6_6_1_1_0_0_5/1           1      0.66666667          -0.00735371                    0.06177660    -0.01315244                         0.05838064
    SCEL6_6_1_1_0_0_5/2           1      0.66666667          -0.01088104                    0.05966020    -0.02310263                         0.05241053
    SCEL6_6_1_1_0_0_5/3           1      0.50000000          0.00710035                     0.09304561    -0.00412563                         0.08412160
    SCEL6_6_1_1_0_0_5/4           1      0.50000000          -0.01647348                    0.07732972    -0.01437933                         0.07728580
    SCEL6_6_1_1_0_0_5/5           1      0.33333333          -0.00494959                    0.05343819    0.00593121                          0.06210206
    SCEL6_6_1_1_0_0_5/6           1      0.33333333          0.00779724                     0.06299831    0.00537246                          0.06168300
    SCEL6_6_1_1_0_0_5/7           1      0.16666667          0.02534814                     0.03788611    0.02703853                          0.04326307
    SCEL6_6_1_1_0_1_0/0           1      0.83333333          -0.04652594                    0.01922182    -0.04654881                         0.02105413
    SCEL6_6_1_1_0_1_0/1           1      0.66666667          -0.03865471                    0.04299600    -0.03149987                         0.04737219
    SCEL6_6_1_1_0_1_0/2           1      0.66666667          -0.03811871                    0.04331760    -0.03693187                         0.04411298
    SCEL6_6_1_1_0_1_0/3           1      0.50000000          0.00404135                     0.09100628    0.00073746                          0.08736366
    SCEL6_6_1_1_0_1_0/4           1      0.50000000          -0.05217715                    0.05352728    -0.05168432                         0.05241581
    SCEL6_6_1_1_0_1_0/5           1      0.33333333          -0.01424092                    0.04646969    -0.00899788                         0.05090524
    SCEL6_6_1_1_0_1_0/6           1      0.33333333          0.00070091                     0.05767606    -0.00310154                         0.05532750
    SCEL6_6_1_1_0_1_0/7           1      0.16666667          0.00860480                     0.02353469    0.00298832                          0.02264860
    SCEL6_6_1_1_0_1_4/0           1      0.83333333          -0.06497761                    0.00915727    -0.06510138                         0.01093454
    SCEL6_6_1_1_0_1_4/1           1      0.66666667          -0.10374004                    0.00394480    -0.10130079                         0.00549163
    SCEL6_6_1_1_0_1_4/2           1      0.66666667          -0.03099054                    0.04759450    -0.03062712                         0.04789584
    SCEL6_6_1_1_0_1_4/3           1      0.50000000          -0.03437648                    0.06539439    -0.04285700                         0.05830069
    SCEL6_6_1_1_0_1_4/4           1      0.50000000          -0.05885382                    0.04907617    -0.06184334                         0.04564313
    SCEL6_6_1_1_0_1_4/5           1      0.33333333          0.01465508                     0.06814169    0.00387214                          0.06055775
    SCEL6_6_1_1_0_1_4/6           1      0.33333333          -0.02924159                    0.03521919    -0.02751835                         0.03701489
    SCEL6_6_1_1_0_1_4/7           1      0.16666667          0.00958664                     0.02437626    0.01041044                          0.02901041
    SCEL6_6_1_1_0_3_2/0           1      0.83333333          -0.03228927                    0.02698727    -0.03108154                         0.02949082
    SCEL6_6_1_1_0_3_2/1           1      0.66666667          -0.04955971                    0.03645300    -0.05465729                         0.03347773
    SCEL6_6_1_1_0_3_2/2           1      0.66666667          -0.00624138                    0.06244400    -0.00217036                         0.06496989
    SCEL6_6_1_1_0_3_2/3           1      0.50000000          -0.05969965                    0.04851228    -0.06067375                         0.04642285
    SCEL6_6_1_1_0_3_2/4           1      0.50000000          -0.02704648                    0.07028106    -0.02050504                         0.07320199
    SCEL6_6_1_1_0_3_2/5           1      0.33333333          -0.04561542                    0.02293881    -0.04255439                         0.02573786
    SCEL6_6_1_1_0_3_2/6           1      0.33333333          -0.03310309                    0.03232306    -0.03229528                         0.03343219
    SCEL6_6_1_1_0_3_2/7           1      0.16666667          -0.00387353                    0.01283897    -0.00831985                         0.01295588
    SCEL6_6_1_1_0_5_5/0           1      0.83333333          -0.01697261                    0.03534182    -0.01147067                         0.04018766
    SCEL6_6_1_1_0_5_5/1           1      0.66666667          0.00419896                     0.06870820    -0.00280819                         0.06458719
    SCEL6_6_1_1_0_5_5/2           1      0.66666667          -0.02852254                    0.04907530    -0.02467090                         0.05146957
    SCEL6_6_1_1_0_5_5/3           1      0.50000000          0.00178652                     0.08950306    0.00670897                          0.09134466
    SCEL6_6_1_1_0_5_5/4           1      0.50000000          0.00978552                     0.09483572    0.00904535                          0.09290225
    SCEL6_6_1_1_0_5_5/5           1      0.33333333          0.02821958                     0.07831506    0.03076010                          0.08072373
    SCEL6_6_1_1_0_5_5/6           1      0.33333333          0.00408524                     0.06021431    0.00790900                          0.06358540
    SCEL6_6_1_1_0_5_5/7           1      0.16666667          0.02723197                     0.03950083    0.02704118                          0.04326533
    SCEL7_7_1_1_0_0_0/0           1      0.85714286          -0.00972695                    0.03405885    -0.00923492                         0.03458688
    SCEL7_7_1_1_0_0_0/1           1      0.71428571          -0.01015661                    0.05473333    -0.00668369                         0.05722331
    SCEL7_7_1_1_0_0_0/2           1      0.71428571          -0.00757232                    0.05624083    -0.01799057                         0.05062763
    SCEL7_7_1_1_0_0_0/3           1      0.57142857          -0.01032484                    0.07168568    -0.00947284                         0.07148025
    SCEL7_7_1_1_0_0_0/4           1      0.42857143          0.01702007                     0.08776142    0.01401095                          0.08499234
    SCEL7_7_1_1_0_0_0/5           1      0.57142857          -0.00357913                    0.07597841    -0.00963394                         0.07137773
    SCEL7_7_1_1_0_0_0/6           1      0.57142857          0.01384516                     0.08706659    0.00800336                          0.08260147
    SCEL7_7_1_1_0_0_0/7           1      0.42857143          0.01795249                     0.08841412    0.01740447                          0.08736780
    SCEL7_7_1_1_0_0_0/8           1      0.42857143          -0.00961008                    0.06912032    -0.00973220                         0.06837213
    SCEL7_7_1_1_0_0_0/9           1      0.28571429          0.02026698                     0.06252636    0.01785086                          0.06179820
    SCEL7_7_1_1_0_0_0/10          1      0.42857143          0.00700992                     0.08075432    0.01104545                          0.08291649
    SCEL7_7_1_1_0_0_0/11          1      0.28571429          0.03101383                     0.07088503    0.03020017                          0.07140322
    SCEL7_7_1_1_0_0_0/12          1      0.28571429          0.00936540                     0.05404736    0.01297715                          0.05800753
    SCEL7_7_1_1_0_0_0/13          1      0.14285714          0.02947217                     0.03498034    0.02746407                          0.03785717
    SCEL7_7_1_1_0_0_0/14          1      0.71428571          -0.00393804                    0.05836083    -0.00226149                         0.05980293
    SCEL7_7_1_1_0_0_0/15          1      0.57142857          0.01775230                     0.08955295    0.01575561                          0.08753472
    SCEL7_7_1_1_0_0_6/0           1      0.85714286          -0.02357552                    0.02660192    -0.02406298                         0.02660254
    SCEL7_7_1_1_0_0_6/1           1      0.71428571          -0.03759375                    0.03872833    -0.03028306                         0.04345701
    SCEL7_7_1_1_0_0_6/2           1      0.71428571          -0.01295518                    0.05310083    -0.00942271                         0.05562555
    SCEL7_7_1_1_0_0_6/3           1      0.42857143          0.00949792                     0.08249592    0.00685251                          0.07998143
    SCEL7_7_1_1_0_0_6/4           1      0.57142857          -0.00930341                    0.07233568    -0.01084993                         0.07060392
    SCEL7_7_1_1_0_0_6/5           1      0.57142857          -0.03906484                    0.05339659    -0.03491045                         0.05529268
    SCEL7_7_1_1_0_0_6/6           1      0.42857143          -0.01127422                    0.06795542    -0.01714896                         0.06318040
    SCEL7_7_1_1_0_0_6/7           1      0.42857143          0.01468321                     0.08612562    0.01036012                          0.08243675
    SCEL7_7_1_1_0_0_6/8           1      0.28571429          0.01757540                     0.06043292    0.01533421                          0.05984081
    SCEL7_7_1_1_0_0_6/9           1      0.42857143          0.00130878                     0.07676352    0.00849050                          0.08112802
    SCEL7_7_1_1_0_0_6/10          1      0.28571429          0.00500569                     0.05065647    0.01062355                          0.05617695
    SCEL7_7_1_1_0_0_6/11          1      0.14285714          0.02826731                     0.03392609    0.02724192                          0.03766278
    SCEL7_7_1_1_0_0_6/12          1      0.71428571          -0.04289232                    0.03563750    -0.04612531                         0.03421570
    SCEL7_7_1_1_0_0_6/13          1      0.57142857          -0.03736199                    0.05448023    -0.03823849                         0.05317484
    SCEL7_7_1_1_0_2_4/0           1      0.85714286          -0.04904552                    0.01288731    -0.05276126                         0.01114962
    SCEL7_7_1_1_0_2_4/1           1      0.71428571          -0.07829232                    0.01498750    -0.06940041                         0.02063856
    SCEL7_7_1_1_0_2_4/2           1      0.71428571          -0.07435518                    0.01728417    -0.07337214                         0.01832171
    SCEL7_7_1_1_0_2_4/3           1      0.57142857          -0.06074341                    0.03960114    -0.05612126                         0.04179490
    SCEL7_7_1_1_0_2_4/4           1      0.42857143          -0.04208536                    0.04638762    -0.04429480                         0.04417831
    SCEL7_7_1_1_0_2_4/5           1      0.57142857          -0.05752913                    0.04164659    -0.05317696                         0.04366854
    SCEL7_7_1_1_0_2_4/6           1      0.57142857          -0.09726484                    0.01636023    -0.09811420                         0.01507211
    SCEL7_7_1_1_0_2_4/7           1      0.42857143          -0.04075665                    0.04731772    -0.04482581                         0.04380660
    SCEL7_7_1_1_0_2_4/8           1      0.42857143          -0.00811579                    0.07016632    -0.01066286                         0.06772067
    SCEL7_7_1_1_0_2_4/9           1      0.28571429          -0.00890645                    0.03983592    -0.01390166                         0.03710179
    SCEL7_7_1_1_0_2_4/10          1      0.42857143          -0.08340893                    0.01746112    -0.07952332                         0.01951835
    SCEL7_7_1_1_0_2_4/11          1      0.28571429          -0.04770345                    0.00966047    -0.04273094                         0.01467902
    SCEL7_7_1_1_0_2_4/12          1      0.28571429          -0.00258288                    0.04475425    0.00270189                          0.05001567
    SCEL7_7_1_1_0_2_4/13          1      0.14285714          0.00621931                     0.01463409    0.00844120                          0.02121215
    SCEL7_7_1_1_0_2_4/14          1      0.71428571          -0.07388232                    0.01756000    -0.07263249                         0.01875318
    SCEL7_7_1_1_0_2_4/15          1      0.57142857          -0.06047627                    0.03977114    -0.06455965                         0.03642501
    SCEL7_7_1_1_0_3_5/0           1      0.85714286          -0.06911838                    0.00207885    -0.07104640                         0.00130378
    SCEL7_7_1_1_0_3_5/1           1      0.71428571          -0.09473518                    0.00539583    -0.09539521                         0.00547493
    SCEL7_7_1_1_0_3_5/2           1      0.57142857          -0.08366341                    0.02501568    -0.08277499                         0.02483343
    SCEL7_7_1_1_0_3_5/3           1      0.57142857          -0.07941199                    0.02772114    -0.07695652                         0.02853609
    SCEL7_7_1_1_0_3_5/4           1      0.42857143          -0.04739308                    0.04267222    -0.04658807                         0.04257302
    SCEL7_7_1_1_0_3_5/5           1      0.42857143          -0.02272965                    0.05993663    -0.03248520                         0.05244503
    SCEL7_7_1_1_0_3_5/6           1      0.28571429          0.00703840                     0.05223747    0.00520093                          0.05195936
    SCEL7_7_1_1_0_3_5/7           1      0.14285714          0.03597203                     0.04066771    0.03692742                          0.04613760
    SCEL7_7_1_1_0_3_6/0           1      0.85714286          -0.06136409                    0.00625423    -0.05234959                         0.01137129
    SCEL7_7_1_1_0_3_6/1           1      0.71428571          -0.03709518                    0.03901917    -0.03718294                         0.03943208
    SCEL7_7_1_1_0_3_6/2           1      0.71428571          -0.10398518                    0.00000000    -0.10478080                         0.00000000
    SCEL7_7_1_1_0_3_6/3           1      0.57142857          -0.06650199                    0.03593659    -0.06546668                         0.03584781
    SCEL7_7_1_1_0_3_6/4           1      0.42857143          -0.01517193                    0.06522702    -0.01246700                         0.06645778
    SCEL7_7_1_1_0_3_6/5           1      0.57142857          -0.06898199                    0.03435841    -0.07151157                         0.03200106
    SCEL7_7_1_1_0_3_6/6           1      0.57142857          -0.07355484                    0.03144841    -0.06747814                         0.03456779
    SCEL7_7_1_1_0_3_6/7           1      0.42857143          -0.01935236                    0.06230072    -0.02612146                         0.05689965
    SCEL7_7_1_1_0_3_6/8           1      0.42857143          -0.04129408                    0.04694152    -0.04325486                         0.04490627
    SCEL7_7_1_1_0_3_6/9           1      0.28571429          0.00935312                     0.05403781    0.00510838                          0.05188738
    SCEL7_7_1_1_0_3_6/10          1      0.42857143          -0.02956779                    0.05514992    -0.03493984                         0.05072678
    SCEL7_7_1_1_0_3_6/11          1      0.28571429          0.01062426                     0.05502647    0.01242717                          0.05757978
    SCEL7_7_1_1_0_3_6/12          1      0.28571429          -0.00505617                    0.04283058    -0.00601777                         0.04323371
    SCEL7_7_1_1_0_3_6/13          1      0.14285714          0.02375574                     0.02997846    0.02769606                          0.03806015
    SCEL7_7_1_1_0_3_6/14          1      0.71428571          -0.06194375                    0.02452417    -0.06452237                         0.02348408
    SCEL7_7_1_1_0_3_6/15          1      0.57142857          -0.01410913                    0.06927750    -0.01462865                         0.06819928
    SCEL7_7_1_1_0_6_4/0           1      0.85714286          -0.03055409                    0.02284423    -0.04385739                         0.01594401
    SCEL7_7_1_1_0_6_4/1           1      0.71428571          -0.04214090                    0.03607583    -0.04386577                         0.03553376
    SCEL7_7_1_1_0_6_4/2           1      0.71428571          -0.02919518                    0.04362750    -0.02795949                         0.04481243
    SCEL7_7_1_1_0_6_4/3           1      0.57142857          -0.04523484                    0.04947023    -0.04228139                         0.05060209
    SCEL7_7_1_1_0_6_4/4           1      0.42857143          -0.00541351                    0.07205792    -0.00357407                         0.07268282
    SCEL7_7_1_1_0_6_4/5           1      0.57142857          -0.00293913                    0.07638568    -0.00690104                         0.07311685
    SCEL7_7_1_1_0_6_4/6           1      0.57142857          -0.04533341                    0.04940750    -0.04692367                         0.04764791
    SCEL7_7_1_1_0_6_4/7           1      0.42857143          -0.00032379                    0.07562073    -0.00424055                         0.07221629
    SCEL7_7_1_1_0_6_4/8           1      0.42857143          -0.00954136                    0.06916842    -0.01156645                         0.06708816
    SCEL7_7_1_1_0_6_4/9           1      0.28571429          0.02220869                     0.06403658    0.02139059                          0.06455132
    SCEL7_7_1_1_0_6_4/10          1      0.42857143          -0.00051808                    0.07548472    -0.00944568                         0.06857270
    SCEL7_7_1_1_0_6_4/11          1      0.28571429          0.03175455                     0.07146114    0.03091662                          0.07196046
    SCEL7_7_1_1_0_6_4/12          1      0.28571429          0.01027740                     0.05475669    0.00818571                          0.05428086
    SCEL7_7_1_1_0_6_4/13          1      0.14285714          0.03148060                     0.03673771    0.03529277                          0.04470728
    SCEL7_7_1_1_0_6_4/14          1      0.71428571          -0.08457232                    0.01132417    -0.08299925                         0.01270590
    SCEL7_7_1_1_0_6_4/15          1      0.57142857          -0.03574056                    0.05551205    -0.03453594                         0.05553101
    SCEL7_7_1_1_0_6_5/0           1      0.85714286          -0.04049981                    0.01748885    -0.03968856                         0.01818877
    SCEL7_7_1_1_0_6_5/1           1      0.71428571          -0.03080232                    0.04269000    -0.03477732                         0.04083536
    SCEL7_7_1_1_0_6_5/2           1      0.71428571          -0.03953090                    0.03759833    -0.03249582                         0.04216624
    SCEL7_7_1_1_0_6_5/3           1      0.57142857          -0.03011342                    0.05909295    -0.02963192                         0.05865175
    SCEL7_7_1_1_0_6_5/4           1      0.42857143          -0.01573622                    0.06483202    -0.01690181                         0.06335341
    SCEL7_7_1_1_0_6_5/5           1      0.57142857          -0.01149341                    0.07094205    -0.01304188                         0.06920904
    SCEL7_7_1_1_0_6_5/6           1      0.57142857          -0.07060056                    0.03332841    -0.07014249                         0.03287229
    SCEL7_7_1_1_0_6_5/7           1      0.42857143          -0.02273222                    0.05993482    -0.02458404                         0.05797585
    SCEL7_7_1_1_0_6_5/8           1      0.42857143          0.00546392                     0.07967212    0.00234394                          0.07682543
    SCEL7_7_1_1_0_6_5/9           1      0.28571429          -0.00708274                    0.04125436    -0.00255027                         0.04593066
    SCEL7_7_1_1_0_6_5/10          1      0.42857143          -0.03900993                    0.04854043    -0.03711071                         0.04920718
    SCEL7_7_1_1_0_6_5/11          1      0.28571429          -0.01032188                    0.03873503    -0.01377468                         0.03720056
    SCEL7_7_1_1_0_6_5/12          1      0.28571429          0.00193483                     0.04826803    0.00260520                          0.04994046
    SCEL7_7_1_1_0_6_5/13          1      0.14285714          0.01237017                     0.02001609    0.01017614                          0.02273022
    SCEL7_7_1_1_0_6_5/14          1      0.71428571          -0.07894090                    0.01460917    -0.07390765                         0.01800933
    SCEL7_7_1_1_0_6_5/15          1      0.57142857          -0.04837627                    0.04747114    -0.03967363                         0.05226157
    SCEL8_1_1_8_0_0_0/0           1      0.87500000          -0.01058020                    0.02976467    -0.00755811                         0.03047965
    SCEL8_1_1_8_0_0_0/1           1      0.75000000          0.00163884                     0.05716643    -0.00308681                         0.05474524
    SCEL8_1_1_8_0_0_0/2           1      0.50000000          0.01585568                     0.09888250    0.01163598                          0.09462934
    SCEL8_1_1_8_0_0_0/3           1      0.37500000          -0.00488277                    0.06209791    -0.00192028                         0.06422573
    SCEL8_1_1_8_0_0_0/4           1      0.75000000          -0.01721116                    0.04639500    -0.01561441                         0.04758660
    SCEL8_1_1_8_0_0_0/5           1      0.37500000          0.01136723                     0.07391609    0.01301985                          0.07509128
    SCEL8_1_1_8_0_0_0/6           1      0.25000000          0.01381890                     0.04950850    0.01471008                          0.05189069
    SCEL8_1_1_8_0_0_0/7           1      0.25000000          0.03338202                     0.06515900    0.03017533                          0.06426290
    SCEL8_1_1_8_0_0_0/8           1      0.12500000          0.03178469                     0.03202651    0.02778125                          0.03365082
    SCEL8_1_1_8_0_0_0/9           1      0.75000000          -0.00074741                    0.05580286    -0.00145636                         0.05567692
    SCEL8_1_1_8_0_0_0/10          1      0.62500000          0.00063914                     0.07168750    -0.00592241                         0.06738137
    SCEL8_1_1_8_0_0_0/11          1      0.50000000          0.00171943                     0.08945833    -0.00035551                         0.08663501
    SCEL8_1_1_8_0_0_0/12          1      0.50000000          0.00881568                     0.09418917    0.00582051                          0.09075236
    SCEL8_1_1_8_0_0_0/13          1      0.62500000          -0.00453836                    0.06850135    -0.00089148                         0.07047733
    SCEL8_1_1_8_0_0_0/14          1      0.62500000          -0.02915586                    0.05335212    -0.02635521                         0.05480734
    SCEL8_1_1_8_0_0_0/15          1      0.50000000          0.00076443                     0.08882167    -0.00067291                         0.08642341
    SCEL8_1_1_8_0_0_0/16          1      0.37500000          0.00449973                     0.06892155    0.00345331                          0.06813379
    SCEL8_1_1_8_0_0_0/17          1      0.62500000          0.00485164                     0.07427981    0.00713028                          0.07541380
    SCEL8_1_1_8_0_0_0/18          1      0.50000000          0.02321943                     0.10379167    0.02368546                          0.10266232
    SCEL8_1_1_8_0_0_0/19          1      0.50000000          -0.00530932                    0.08477250    -0.00023894                         0.08671272
    SCEL8_1_1_8_0_0_0/20          1      0.37500000          0.02028598                     0.08040245    0.02025706                          0.08035471
    SCEL8_1_1_8_0_0_0/21          1      0.37500000          0.02273473                     0.08218336    0.02109958                          0.08096745
    SCEL8_1_1_8_0_0_0/22          1      0.25000000          0.02130252                     0.05549540    0.02104276                          0.05695684
    SCEL8_2_2_2_0_0_0/0           1      0.87500000          -0.04463270                    0.01160333    -0.05460076                         0.00539023
    SCEL8_2_2_2_0_0_0/1           1      0.62500000          -0.07666961                    0.02411288    -0.07595911                         0.02428186
    SCEL8_2_2_2_0_0_0/2           1      0.50000000          -0.01010432                    0.08157583    -0.01887848                         0.07428637
    SCEL8_2_2_2_0_0_0/3           1      0.37500000          -0.00494527                    0.06205245    -0.00324200                         0.06326448
    SCEL8_2_2_2_0_0_0/4           1      0.50000000          -0.03823057                    0.06282500    -0.04026560                         0.06002828
    SCEL8_2_2_2_0_0_0/5           1      0.62500000          -0.02757211                    0.05432673    -0.02595096                         0.05505611
    SCEL8_2_2_2_0_0_0/6           1      0.37500000          -0.02307402                    0.04886791    -0.03038995                         0.04352051
    SCEL8_2_2_2_0_0_0/7           1      0.12500000          0.01653294                     0.01846940    0.01123829                          0.01894597
    SCEL8_2_4_1_0_1_1/0           1      0.87500000          -0.04835895                    0.00961600    -0.04533110                         0.01033405
    SCEL8_2_4_1_0_1_1/1           1      0.75000000          -0.04654491                    0.02963286    -0.04858806                         0.02874452
    SCEL8_2_4_1_0_1_1/2           1      0.50000000          -0.03633057                    0.06409167    -0.03821624                         0.06139453
    SCEL8_2_4_1_0_1_1/3           1      0.37500000          -0.00978277                    0.05853427    -0.00703932                         0.06050279
    SCEL8_2_4_1_0_1_1/4           1      0.75000000          -0.09124241                    0.00409143    -0.09152155                         0.00421110
    SCEL8_2_4_1_0_1_1/5           1      0.37500000          -0.00327527                    0.06326700    -0.00775351                         0.05998338
    SCEL8_2_4_1_0_1_1/6           1      0.25000000          0.01087615                     0.04715430    0.01185059                          0.04960310
    SCEL8_2_4_1_0_1_1/7           1      0.25000000          0.01803365                     0.05288030    0.01897664                          0.05530394
    SCEL8_2_4_1_0_1_1/8           1      0.12500000          0.02593019                     0.02682251    0.02994333                          0.03557267
    SCEL8_2_4_1_0_1_1/9           1      0.62500000          -0.05353336                    0.03835058    -0.04920627                         0.04074516
    SCEL8_2_4_1_0_1_1/10          1      0.75000000          -0.04867741                    0.02841429    -0.05311143                         0.02615974
    SCEL8_2_4_1_0_1_1/11          1      0.62500000          -0.06963336                    0.02844288    -0.06381562                         0.03175478
    SCEL8_2_4_1_0_1_1/12          1      0.50000000          -0.02674932                    0.07047917    -0.02502745                         0.07018705
    SCEL8_2_4_1_0_1_1/13          1      0.50000000          -0.02703057                    0.07029167    -0.02808398                         0.06814937
    SCEL8_2_4_1_0_1_1/14          1      0.62500000          -0.01263711                    0.06351750    -0.01949995                         0.05902597
    SCEL8_2_4_1_0_1_1/15          1      0.62500000          -0.05736961                    0.03598981    -0.06458682                         0.03128020
    SCEL8_2_4_1_0_1_1/16          1      0.50000000          -0.02367807                    0.07252667    -0.02847094                         0.06789139
    SCEL8_2_4_1_0_1_1/17          1      0.37500000          0.00552348                     0.06966609    0.00104249                          0.06638047
    SCEL8_2_4_1_0_1_1/18          1      0.62500000          -0.05891336                    0.03503981    -0.05972450                         0.03427240
    SCEL8_2_4_1_0_1_1/19          1      0.50000000          -0.02059682                    0.07458083    -0.01905906                         0.07416598
    SCEL8_2_4_1_0_1_1/20          1      0.50000000          -0.03508057                    0.06492500    -0.03399065                         0.06421158
    SCEL8_2_4_1_0_1_1/21          1      0.37500000          0.00102973                     0.06639791    -0.00673736                         0.06072240
    SCEL8_2_4_1_0_1_1/22          1      0.37500000          0.00507848                     0.06934245    0.00590236                          0.06991492
    SCEL8_2_4_1_0_1_1/23          1      0.25000000          0.01596515                     0.05122550    0.02177777                          0.05754485
    SCEL8_2_4_1_1_0_1/0           1      0.87500000          -0.05844020                    0.00423933    -0.06132919                         0.00180174
    SCEL8_2_4_1_1_0_1/1           1      0.75000000          -0.09713116                    0.00072643    -0.09388939                         0.00285804
    SCEL8_2_4_1_1_0_1/2           1      0.75000000          -0.07177366                    0.01521643    -0.07236751                         0.01515626
    SCEL8_2_4_1_1_0_1/3           1      0.62500000          -0.07897836                    0.02269212    -0.07755593                         0.02329921
    SCEL8_2_4_1_1_0_1/4           1      0.62500000          -0.09732086                    0.01140442    -0.09789607                         0.01078220
    SCEL8_2_4_1_1_0_1/5           1      0.50000000          -0.07830932                    0.03610583    -0.07587464                         0.03628892
    SCEL8_2_4_1_1_0_1/6           1      0.62500000          -0.07010461                    0.02815288    -0.06577501                         0.03054901
    SCEL8_2_4_1_1_0_1/7           1      0.62500000          -0.02795961                    0.05408827    -0.02519372                         0.05552211
    SCEL8_2_4_1_1_0_1/8           1      0.50000000          -0.02221932                    0.07349917    -0.03264105                         0.06511132
    SCEL8_2_4_1_1_0_1/9           1      0.50000000          -0.06400432                    0.04564250    -0.06258485                         0.04514879
    SCEL8_2_4_1_1_0_1/10          1      0.37500000          -0.01722902                    0.05311882    -0.02480031                         0.04758571
    SCEL8_2_4_1_1_0_1/11          1      0.50000000          -0.02059557                    0.07458167    -0.02320386                         0.07140278
    SCEL8_2_4_1_1_0_1/12          1      0.37500000          -0.00303777                    0.06343973    -0.00575947                         0.06143360
    SCEL8_2_4_1_1_0_1/13          1      0.37500000          0.00786223                     0.07136700    0.00854430                          0.07183634
    SCEL8_2_4_1_1_0_1/14          1      0.25000000          0.03124515                     0.06344950    0.03957350                          0.07178144
    SCEL8_2_4_1_1_0_1/15          1      0.37500000          -0.02220027                    0.04950336    -0.02196267                         0.04964945
    SCEL8_2_4_1_1_0_1/16          1      0.25000000          -0.01115685                    0.02952790    -0.00999287                         0.03212833
    SCEL8_2_4_1_1_0_1/17          1      0.12500000          0.03139132                     0.03167684    0.03733039                          0.04213894
    SCEL8_2_4_1_1_1_0/0           1      0.87500000          -0.03258520                    0.01802867    -0.04125338                         0.01250883
    SCEL8_2_4_1_1_1_0/1           1      0.75000000          -0.06781866                    0.01747643    -0.06848170                         0.01737673
    SCEL8_2_4_1_1_1_0/2           1      0.37500000          -0.01883652                    0.05194973    -0.01578468                         0.05414253
    SCEL8_2_4_1_1_1_0/3           1      0.50000000          -0.02506432                    0.07160250    -0.02432858                         0.07065296
    SCEL8_2_4_1_1_1_0/4           1      0.37500000          -0.00785152                    0.05993882    -0.01117976                         0.05749156
    SCEL8_2_4_1_1_1_0/5           1      0.25000000          0.01795065                     0.05281390    0.01950920                          0.05572999
    SCEL8_2_4_1_1_1_0/6           1      0.12500000          0.01738532                     0.01922707    0.01906103                          0.02589951
    SCEL8_2_4_1_1_1_0/7           1      0.50000000          -0.04289932                    0.05971250    -0.04418335                         0.05741645
    SCEL8_2_4_1_1_1_0/8           1      0.62500000          -0.06729211                    0.02988365    -0.06382242                         0.03175060
    SCEL8_2_4_1_1_1_0/9           1      0.62500000          0.00193164                     0.07248288    0.00507577                          0.07414949
    SCEL8_2_4_1_1_1_0/10          1      0.62500000          -0.01310461                    0.06322981    -0.01218917                         0.06352491
    SCEL8_2_4_1_1_1_0/11          1      0.50000000          -0.00846807                    0.08266667    -0.01264884                         0.07843946
    SCEL8_2_4_1_1_1_0/12          1      0.37500000          0.01110598                     0.07372609    0.00337006                          0.06807325
    SCEL8_4_1_2_0_0_0/0           1      0.87500000          -0.04831645                    0.00963867    -0.04497705                         0.01052288
    SCEL8_4_1_2_0_0_0/1           1      0.75000000          -0.05693116                    0.02369786    -0.05377366                         0.02578132
    SCEL8_4_1_2_0_0_0/2           1      0.50000000          -0.02160682                    0.07390750    -0.02181749                         0.07232702
    SCEL8_4_1_2_0_0_0/3           1      0.37500000          0.00467473                     0.06904882    0.00599488                          0.06998221
    SCEL8_4_1_2_0_0_0/4           1      0.62500000          -0.07140336                    0.02735365    -0.06492428                         0.03107253
    SCEL8_4_1_2_0_0_0/5           1      0.25000000          0.01787590                     0.05275410    0.02328401                          0.05874984
    SCEL8_4_1_2_0_0_0/6           1      0.75000000          -0.04067241                    0.03298857    -0.04636385                         0.03001550
    SCEL8_4_1_2_0_0_0/7           1      0.62500000          -0.05866086                    0.03519519    -0.06456719                         0.03129228
    SCEL8_4_1_2_0_0_0/8           1      0.62500000          -0.05999086                    0.03437673    -0.05755657                         0.03560651
    SCEL8_4_1_2_0_0_0/9           1      0.50000000          -0.03339057                    0.06605167    -0.03234318                         0.06530990
    SCEL8_4_1_2_0_0_0/10          1      0.62500000          -0.05036961                    0.04029750    -0.04566283                         0.04292573
    SCEL8_4_1_2_0_0_0/11          1      0.37500000          -0.00056527                    0.06523791    -0.00322056                         0.06328007
    SCEL8_4_1_2_0_0_0/12          1      0.50000000          -0.02819307                    0.06951667    -0.02907949                         0.06748569
    SCEL8_4_1_2_0_0_0/13          1      0.62500000          -0.01319961                    0.06317135    -0.01907301                         0.05928870
    SCEL8_4_1_2_0_0_0/14          1      0.37500000          -0.00941527                    0.05880155    -0.00653949                         0.06086631
    SCEL8_4_1_2_0_0_0/15          1      0.50000000          -0.03476682                    0.06513417    -0.03298984                         0.06487879
    SCEL8_4_1_2_0_0_0/16          1      0.37500000          -0.00538402                    0.06173336    -0.01039339                         0.05806347
    SCEL8_4_1_2_0_0_0/17          1      0.25000000          0.02044615                     0.05481030    0.01798628                          0.05451165
    SCEL8_4_1_2_0_0_0/18          1      0.37500000          0.00093223                     0.06632700    -0.00061173                         0.06517740
    SCEL8_4_1_2_0_0_0/19          1      0.12500000          0.03082419                     0.03117273    0.03010875                          0.03571970
    SCEL8_4_1_2_0_0_0/20          1      0.50000000          -0.02775682                    0.06980750    -0.02123009                         0.07271862
    SCEL8_4_1_2_0_0_1/0           1      0.87500000          -0.05163645                    0.00786800    -0.05869928                         0.00320436
    SCEL8_4_1_2_0_0_1/1           1      0.75000000          -0.09509491                    0.00189000    -0.09204278                         0.00391325
    SCEL8_4_1_2_0_0_1/2           1      0.62500000          -0.08946961                    0.01623596    -0.08152999                         0.02085363
    SCEL8_4_1_2_0_0_1/3           1      0.50000000          -0.03468182                    0.06519083    -0.03812879                         0.06145283
    SCEL8_4_1_2_0_0_1/4           1      0.37500000          0.00561098                     0.06972973    0.00382072                          0.06840100
    SCEL8_4_1_2_0_0_1/5           1      0.62500000          -0.09955211                    0.01003135    -0.08864309                         0.01647634
    SCEL8_4_1_2_0_0_1/6           1      0.37500000          -0.02879402                    0.04470791    -0.02676611                         0.04615604
    SCEL8_4_1_2_0_0_1/7           1      0.50000000          -0.03032432                    0.06809583    -0.03153600                         0.06584802
    SCEL8_4_1_2_0_0_1/8           1      0.37500000          0.00154723                     0.06677427    -0.00157194                         0.06447907
    SCEL8_4_1_2_0_0_1/9           1      0.25000000          0.01642940                     0.05159690    0.01988484                          0.05603051
    SCEL8_4_1_2_0_0_1/10          1      0.12500000          0.01897007                     0.02063573    0.02375935                          0.03007579
    SCEL8_4_1_2_0_0_1/11          1      0.50000000          -0.04578307                    0.05779000    -0.05039327                         0.05327651
    SCEL8_4_1_2_0_0_1/12          1      0.50000000          -0.08039307                    0.03471667    -0.08111457                         0.03279564
    SCEL8_4_1_2_0_0_1/13          1      0.37500000          -0.03951277                    0.03691245    -0.05611082                         0.02481443
    SCEL8_4_1_2_0_0_1/14          1      0.62500000          -0.07043086                    0.02795212    -0.06516427                         0.03092484
    SCEL8_4_1_2_0_0_1/15          1      0.62500000          -0.02229211                    0.05757596    -0.02446484                         0.05597065
    SCEL8_4_1_2_0_1_0/0           1      0.87500000          -0.03982520                    0.01416733    -0.04230410                         0.01194845
    SCEL8_4_1_2_0_1_0/1           1      0.75000000          -0.03187116                    0.03801786    -0.03003009                         0.03934908
    SCEL8_4_1_2_0_1_0/2           1      0.50000000          -0.02172557                    0.07382833    -0.01690265                         0.07560359
    SCEL8_4_1_2_0_1_0/3           1      0.37500000          -0.00636527                    0.06101973    -0.00403720                         0.06268615
    SCEL8_4_1_2_0_1_0/4           1      0.75000000          -0.03972491                    0.03353000    -0.04805957                         0.02904651
    SCEL8_4_1_2_0_1_0/5           1      0.37500000          0.01252848                     0.07476064    0.00462118                          0.06898315
    SCEL8_4_1_2_0_1_0/6           1      0.25000000          0.02028340                     0.05468010    0.02218070                          0.05786719
    SCEL8_4_1_2_0_1_0/7           1      0.25000000          0.03276665                     0.06466670    0.03282165                          0.06637995
    SCEL8_4_1_2_0_1_0/8           1      0.12500000          0.03436332                     0.03431862    0.03227409                          0.03764446
    SCEL8_4_1_2_0_1_0/9           1      0.62500000          0.00119539                     0.07202981    -0.00724171                         0.06656950
    SCEL8_4_1_2_0_1_0/10          1      0.75000000          -0.06421866                    0.01953357    -0.06721703                         0.01809939
    SCEL8_4_1_2_0_1_0/11          1      0.62500000          -0.03376211                    0.05051750    -0.03124432                         0.05179866
    SCEL8_4_1_2_0_1_0/12          1      0.50000000          -0.03335057                    0.06607833    -0.02985793                         0.06696673
    SCEL8_4_1_2_0_1_0/13          1      0.50000000          0.00284818                     0.09021083    0.00576904                          0.09071804
    SCEL8_4_1_2_0_1_0/14          1      0.62500000          -0.06895336                    0.02886135    -0.06593151                         0.03045270
    SCEL8_4_1_2_0_1_0/15          1      0.62500000          -0.06235836                    0.03291981    -0.06578489                         0.03054293
    SCEL8_4_1_2_0_1_0/16          1      0.50000000          -0.02707307                    0.07026333    -0.02563736                         0.06978044
    SCEL8_4_1_2_0_1_0/17          1      0.37500000          -0.00326777                    0.06327245    -0.00666745                         0.06077325
    SCEL8_4_1_2_0_1_0/18          1      0.62500000          -0.06930961                    0.02864212    -0.05986543                         0.03418567
    SCEL8_4_1_2_0_1_0/19          1      0.50000000          -0.02054807                    0.07461333    -0.02475898                         0.07036603
    SCEL8_4_1_2_0_1_0/20          1      0.50000000          -0.03239807                    0.06671333    -0.03907001                         0.06082534
    SCEL8_4_1_2_0_1_0/21          1      0.37500000          0.00246473                     0.06744155    0.00638507                          0.07026599
    SCEL8_4_1_2_0_1_0/22          1      0.37500000          0.00293098                     0.06778064    -0.00634158                         0.06101024
    SCEL8_4_1_2_0_1_0/23          1      0.25000000          0.01531365                     0.05070430    0.00609624                          0.04499963
    SCEL8_4_1_2_0_1_2/0           1      0.87500000          -0.06357395                    0.00150133    -0.06326520                         0.00076920
    SCEL8_4_1_2_0_1_2/1           1      0.75000000          -0.07842116                    0.01141786    -0.07803761                         0.01191621
    SCEL8_4_1_2_0_1_2/2           1      0.50000000          -0.07271557                    0.03983500    -0.06789599                         0.04160803
    SCEL8_4_1_2_0_1_2/3           1      0.37500000          0.00672598                     0.07054064    0.00674588                          0.07052839
    SCEL8_4_1_2_0_1_2/4           1      0.75000000          -0.09263866                    0.00329357    -0.09460360                         0.00244992
    SCEL8_4_1_2_0_1_2/5           1      0.37500000          -0.04610027                    0.03212155    -0.04687322                         0.03153268
    SCEL8_4_1_2_0_1_2/6           1      0.25000000          0.02245915                     0.05642070    0.02835511                          0.06280672
    SCEL8_4_1_2_0_1_2/7           1      0.25000000          -0.01144798                    0.02929500    -0.00805158                         0.03368137
    SCEL8_4_1_2_0_1_2/8           1      0.12500000          0.02722382                     0.02797240    0.03268496                          0.03800967
    SCEL8_4_1_2_0_1_2/9           1      0.62500000          -0.07727586                    0.02373981    -0.07565226                         0.02447069
    SCEL8_4_1_2_0_1_2/10          1      0.75000000          -0.07642241                    0.01256000    -0.07606075                         0.01304584
    SCEL8_4_1_2_0_1_2/11          1      0.62500000          -0.07212711                    0.02690827    -0.06956724                         0.02821532
    SCEL8_4_1_2_0_1_2/12          1      0.50000000          -0.05267057                    0.05319833    -0.04825949                         0.05469903
    SCEL8_4_1_2_0_1_2/13          1      0.50000000          -0.04222307                    0.06016333    -0.04145496                         0.05923538
    SCEL8_4_1_2_0_1_2/14          1      0.62500000          -0.06875461                    0.02898365    -0.07140202                         0.02708623
    SCEL8_4_1_2_0_1_2/15          1      0.62500000          -0.08646336                    0.01808596    -0.08634828                         0.01788853
    SCEL8_4_1_2_0_1_2/16          1      0.50000000          -0.04022932                    0.06149250    -0.03999346                         0.06020971
    SCEL8_4_1_2_0_1_2/17          1      0.37500000          -0.00830527                    0.05960882    -0.00274555                         0.06362554
    SCEL8_4_1_2_0_1_2/18          1      0.62500000          -0.09191461                    0.01473135    -0.08686386                         0.01757125
    SCEL8_4_1_2_0_1_2/19          1      0.50000000          -0.04811682                    0.05623417    -0.04825308                         0.05470330
    SCEL8_4_1_2_0_1_2/20          1      0.50000000          -0.05434932                    0.05207917    -0.05441053                         0.05059833
    SCEL8_4_1_2_0_1_2/21          1      0.37500000          -0.01208402                    0.05686064    -0.01311216                         0.05608618
    SCEL8_4_1_2_0_1_2/22          1      0.37500000          -0.01294777                    0.05623245    -0.01679936                         0.05340458
    SCEL8_4_1_2_0_1_2/23          1      0.25000000          0.01919390                     0.05380850    0.02288764                          0.05843275
    SCEL8_4_2_1_0_0_2/0           1      0.87500000          -0.03183395                    0.01842933    -0.03668180                         0.01494701
    SCEL8_4_2_1_0_0_2/1           1      0.75000000          -0.05320116                    0.02582929    -0.04838361                         0.02886135
    SCEL8_4_2_1_0_0_2/2           1      0.62500000          -0.06147461                    0.03346365    -0.06310039                         0.03219493
    SCEL8_4_2_1_0_0_2/3           1      0.50000000          -0.02818307                    0.06952333    -0.03205233                         0.06550380
    SCEL8_4_2_1_0_0_2/4           1      0.37500000          -0.00724902                    0.06037700    -0.00468002                         0.06221864
    SCEL8_4_2_1_0_0_2/5           1      0.62500000          -0.03911961                    0.04722058    -0.03387272                         0.05018118
    SCEL8_4_2_1_0_0_2/6           1      0.37500000          -0.00268277                    0.06369791    -0.00972245                         0.05855143
    SCEL8_4_2_1_0_0_2/7           1      0.50000000          -0.03217432                    0.06686250    -0.03499593                         0.06354140
    SCEL8_4_2_1_0_0_2/8           1      0.37500000          -0.00937152                    0.05883336    -0.00993381                         0.05839771
    SCEL8_4_2_1_0_0_2/9           1      0.25000000          0.01662402                     0.05175260    0.02159594                          0.05739939
    SCEL8_4_2_1_0_0_2/10          1      0.12500000          0.03101557                     0.03134284    0.03062022                          0.03617435
    SCEL8_4_2_1_0_0_2/11          1      0.50000000          -0.02064682                    0.07454750    -0.01580336                         0.07633645
    SCEL8_4_2_1_0_0_2/12          1      0.50000000          -0.04111557                    0.06090167    -0.04596916                         0.05622591
    SCEL8_4_2_1_0_0_2/13          1      0.37500000          -0.00475277                    0.06219245    -0.00486219                         0.06208616
    SCEL8_4_2_1_0_0_2/14          1      0.62500000          -0.04251586                    0.04513058    -0.04687355                         0.04218067
    SCEL8_4_2_1_0_0_2/15          1      0.62500000          -0.04780961                    0.04187288    -0.04584751                         0.04281208
    SCEL8_4_2_1_1_2_0/0           1      0.87500000          -0.06638895                    0.00000000    -0.06470744                         0.00000000
    SCEL8_4_2_1_1_2_0/1           1      0.75000000          -0.03826241                    0.03436571    -0.04499859                         0.03079564
    SCEL8_4_2_1_1_2_0/2           1      0.62500000          -0.06092336                    0.03380288    -0.06691488                         0.02984755
    SCEL8_4_2_1_1_2_0/3           1      0.75000000          -0.09840241                    0.00000000    -0.09540449                         0.00199228
    SCEL8_4_2_1_1_2_0/4           1      0.62500000          -0.07517086                    0.02503519    -0.07797002                         0.02304438
    SCEL8_4_2_1_1_2_0/5           1      0.62500000          -0.02691336                    0.05473212    -0.02540570                         0.05539166
    SCEL8_4_2_1_1_2_0/6           1      0.50000000          -0.02949432                    0.06864917    -0.03345774                         0.06456686
    SCEL8_4_2_1_1_2_0/7           1      0.62500000          -0.08444461                    0.01932827    -0.08153074                         0.02085317
    SCEL8_4_2_1_1_2_0/8           1      0.37500000          -0.00202152                    0.06417882    -0.00601199                         0.06124994
    SCEL8_4_2_1_1_2_0/9           1      0.50000000          -0.03431557                    0.06543500    -0.03725747                         0.06203371
    SCEL8_4_2_1_1_2_0/10          1      0.37500000          0.00090973                     0.06631064    -0.00082358                         0.06502333
    SCEL8_4_2_1_1_2_0/11          1      0.50000000          -0.03272557                    0.06649500    -0.03649160                         0.06254429
    SCEL8_4_2_1_1_2_0/12          1      0.37500000          -0.02917152                    0.04443336    -0.02608591                         0.04665073
    SCEL8_4_2_1_1_2_0/13          1      0.25000000          -0.00988373                    0.03054640    -0.00356497                         0.03727066
    SCEL8_4_2_1_1_2_0/14          1      0.37500000          0.00472223                     0.06908336    0.00976209                          0.07272200
    SCEL8_4_2_1_1_2_0/15          1      0.12500000          0.02881632                     0.02938796    0.02789543                          0.03375231
    SCEL8_4_2_1_1_2_0/16          1      0.50000000          -0.03121182                    0.06750417    -0.03643251                         0.06258368
    SCEL8_4_2_1_1_2_0/17          1      0.25000000          0.02930577                     0.06189800    0.03800217                          0.07052437
    SCEL8_4_2_1_1_3_1/0           1      0.87500000          -0.05002270                    0.00872867    -0.05032067                         0.00767295
    SCEL8_4_2_1_1_3_1/1           1      0.75000000          -0.08250616                    0.00908357    -0.07903159                         0.01134822
    SCEL8_4_2_1_1_3_1/2           1      0.75000000          -0.03239491                    0.03771857    -0.03116866                         0.03869846
    SCEL8_4_2_1_1_3_1/3           1      0.62500000          -0.06874086                    0.02899212    -0.06747255                         0.02950437
    SCEL8_4_2_1_1_3_1/4           1      0.62500000          -0.04152336                    0.04574135    -0.03977899                         0.04654656
    SCEL8_4_2_1_1_3_1/5           1      0.50000000          -0.03322432                    0.06616250    -0.03726857                         0.06202631
    SCEL8_4_2_1_1_3_1/6           1      0.62500000          -0.06715086                    0.02997058    -0.06653407                         0.03008189
    SCEL8_4_2_1_1_3_1/7           1      0.62500000          -0.00729711                    0.06680365    -0.00196391                         0.06981737
    SCEL8_4_2_1_1_3_1/8           1      0.50000000          -0.01622557                    0.07749500    -0.01648970                         0.07587888
    SCEL8_4_2_1_1_3_1/9           1      0.50000000          -0.01911307                    0.07557000    -0.01984973                         0.07363887
    SCEL8_4_2_1_1_3_1/10          1      0.37500000          0.00260473                     0.06754336    0.00072029                          0.06614615
    SCEL8_4_2_1_1_3_1/11          1      0.50000000          -0.05655182                    0.05061083    -0.06428036                         0.04401844
    SCEL8_4_2_1_1_3_1/12          1      0.37500000          -0.01184027                    0.05703791    -0.01601679                         0.05397373
    SCEL8_4_2_1_1_3_1/13          1      0.37500000          0.00970348                     0.07270609    0.00317215                          0.06792931
    SCEL8_4_2_1_1_3_1/14          1      0.25000000          0.01648952                     0.05164500    0.02334963                          0.05880233
    SCEL8_4_2_1_1_3_1/15          1      0.37500000          -0.02165027                    0.04990336    -0.01597527                         0.05400392
    SCEL8_4_2_1_1_3_1/16          1      0.25000000          -0.01196723                    0.02887960    -0.01250502                         0.03011861
    SCEL8_4_2_1_1_3_1/17          1      0.12500000          0.01794319                     0.01972296    0.02187031                          0.02839665
    SCEL8_4_2_1_1_3_2/0           1      0.87500000          -0.02581145                    0.02164133    -0.01983579                         0.02393155
    SCEL8_4_2_1_1_3_2/1           1      0.75000000          -0.04642241                    0.02970286    -0.04471340                         0.03095861
    SCEL8_4_2_1_1_3_2/2           1      0.62500000          -0.00346711                    0.06916058    -0.00135122                         0.07019442
    SCEL8_4_2_1_1_3_2/3           1      0.50000000          -0.03204932                    0.06694583    -0.03339010                         0.06461195
    SCEL8_4_2_1_1_3_2/4           1      0.37500000          -0.01386902                    0.05556245    -0.00498861                         0.06199422
    SCEL8_4_2_1_1_3_2/5           1      0.62500000          -0.07188336                    0.02705827    -0.07697371                         0.02365750
    SCEL8_4_2_1_1_3_2/6           1      0.37500000          -0.03066402                    0.04334791    -0.03060896                         0.04336123
    SCEL8_4_2_1_1_3_2/7           1      0.50000000          0.00604568                     0.09234250    0.01053363                          0.09389444
    SCEL8_4_2_1_1_3_2/8           1      0.37500000          -0.02090527                    0.05044518    -0.02101842                         0.05033618
    SCEL8_4_2_1_1_3_2/9           1      0.25000000          -0.02255148                    0.02041220    -0.02289358                         0.02180777
    SCEL8_4_2_1_1_3_2/10          1      0.12500000          -0.00185156                    0.00212762    -0.00501585                         0.00449784
    SCEL8_4_2_1_1_3_2/11          1      0.50000000          -0.05859557                    0.04924833    -0.06094142                         0.04624441
    SCEL8_4_2_1_1_3_2/12          1      0.50000000          -0.03365057                    0.06587833    -0.03676203                         0.06236400
    SCEL8_4_2_1_1_3_2/13          1      0.37500000          -0.06552652                    0.01799336    -0.06691056                         0.01696007
    SCEL8_4_2_1_1_3_2/14          1      0.62500000          -0.03460336                    0.04999981    -0.03832149                         0.04744348
    SCEL8_4_2_1_1_3_2/15          1      0.62500000          -0.00394711                    0.06886519    -0.00560727                         0.06757531
    SCEL8_8_1_1_0_0_3/0           1      0.87500000          -0.03100020                    0.01887400    -0.03397418                         0.01639107
    SCEL8_8_1_1_0_0_3/1           1      0.75000000          -0.04648491                    0.02966714    -0.04227534                         0.03235179
    SCEL8_8_1_1_0_0_3/2           1      0.75000000          -0.07951741                    0.01079143    -0.07175088                         0.01550862
    SCEL8_8_1_1_0_0_3/3           1      0.62500000          -0.04139461                    0.04582058    -0.03977591                         0.04654845
    SCEL8_8_1_1_0_0_3/4           1      0.62500000          -0.06613586                    0.03059519    -0.06504030                         0.03100113
    SCEL8_8_1_1_0_0_3/5           1      0.50000000          -0.03359807                    0.06591333    -0.03435220                         0.06397055
    SCEL8_8_1_1_0_0_3/6           1      0.62500000          -0.03855461                    0.04756827    -0.03047208                         0.05227389
    SCEL8_8_1_1_0_0_3/7           1      0.62500000          -0.04832086                    0.04155827    -0.05006995                         0.04021366
    SCEL8_8_1_1_0_0_3/8           1      0.50000000          -0.02755682                    0.06994083    -0.03218109                         0.06541796
    SCEL8_8_1_1_0_0_3/9           1      0.50000000          -0.04138932                    0.06071917    -0.04339933                         0.05793913
    SCEL8_8_1_1_0_0_3/10          1      0.37500000          -0.01114277                    0.05754518    -0.01002417                         0.05833199
    SCEL8_8_1_1_0_0_3/11          1      0.50000000          -0.02029807                    0.07478000    -0.01863070                         0.07445155
    SCEL8_8_1_1_0_0_3/12          1      0.37500000          -0.00078777                    0.06507609    -0.01051993                         0.05797144
    SCEL8_8_1_1_0_0_3/13          1      0.37500000          -0.00813277                    0.05973427    -0.00839159                         0.05951932
    SCEL8_8_1_1_0_0_3/14          1      0.25000000          0.01588440                     0.05116090    0.01523016                          0.05230676
    SCEL8_8_1_1_0_0_3/15          1      0.37500000          -0.00154152                    0.06452791    -0.00562877                         0.06152864
    SCEL8_8_1_1_0_0_3/16          1      0.25000000          0.00862652                     0.04535460    0.00811532                          0.04661489
    SCEL8_8_1_1_0_0_3/17          1      0.12500000          0.03024907                     0.03066151    0.02778384                          0.03365312
    SCEL8_8_1_1_0_0_5/0           1      0.87500000          -0.02549020                    0.02181267    -0.03539630                         0.01563261
    SCEL8_8_1_1_0_0_5/1           1      0.75000000          -0.04420616                    0.03096929    -0.03843051                         0.03454883
    SCEL8_8_1_1_0_0_5/2           1      0.75000000          -0.04988116                    0.02772643    -0.05724449                         0.02379799
    SCEL8_8_1_1_0_0_5/3           1      0.62500000          -0.01369461                    0.06286673    -0.01615598                         0.06108379
    SCEL8_8_1_1_0_0_5/4           1      0.62500000          -0.06506086                    0.03125673    -0.05264794                         0.03862720
    SCEL8_8_1_1_0_0_5/5           1      0.50000000          -0.01143307                    0.08069000    -0.01092850                         0.07958635
    SCEL8_8_1_1_0_0_5/6           1      0.62500000          -0.03856961                    0.04755904    -0.04004282                         0.04638420
    SCEL8_8_1_1_0_0_5/7           1      0.62500000          -0.05307086                    0.03863519    -0.04591024                         0.04277348
    SCEL8_8_1_1_0_0_5/8           1      0.50000000          -0.02150307                    0.07397667    -0.01822055                         0.07472499
    SCEL8_8_1_1_0_0_5/9           1      0.50000000          -0.03831307                    0.06277000    -0.04846204                         0.05456400
    SCEL8_8_1_1_0_0_5/10          1      0.37500000          0.00255223                     0.06750518    0.00057348                          0.06603937
    SCEL8_8_1_1_0_0_5/11          1      0.50000000          0.00583318                     0.09220083    0.00952498                          0.09322201
    SCEL8_8_1_1_0_0_5/12          1      0.37500000          0.01634473                     0.07753609    0.02206854                          0.08167215
    SCEL8_8_1_1_0_0_5/13          1      0.37500000          -0.00295527                    0.06349973    -0.00366872                         0.06295414
    SCEL8_8_1_1_0_0_5/14          1      0.25000000          0.02832002                     0.06110940    0.03036404                          0.06441386
    SCEL8_8_1_1_0_0_5/15          1      0.37500000          0.00690848                     0.07067336    0.00648808                          0.07034090
    SCEL8_8_1_1_0_0_5/16          1      0.25000000          0.02471502                     0.05822540    0.02757427                          0.06218205
    SCEL8_8_1_1_0_0_5/17          1      0.12500000          0.03461219                     0.03453984    0.03654014                          0.04143650
    SCEL8_8_1_1_0_0_6/0           1      0.87500000          -0.05387020                    0.00667667    -0.04592572                         0.01001692
    SCEL8_8_1_1_0_0_6/1           1      0.75000000          -0.04327991                    0.03149857    -0.03770752                         0.03496197
    SCEL8_8_1_1_0_0_6/2           1      0.50000000          -0.06510182                    0.04491083    -0.06525630                         0.04336782
    SCEL8_8_1_1_0_0_6/3           1      0.37500000          -0.00502527                    0.06199427    -0.00617790                         0.06112928
    SCEL8_8_1_1_0_0_6/4           1      0.75000000          -0.04645491                    0.02968429    -0.05689850                         0.02399570
    SCEL8_8_1_1_0_0_6/5           1      0.37500000          -0.03203277                    0.04235245    -0.03537086                         0.03989804
    SCEL8_8_1_1_0_0_6/6           1      0.25000000          0.00829440                     0.04508890    0.01401759                          0.05133670
    SCEL8_8_1_1_0_0_6/7           1      0.25000000          0.00642302                     0.04359180    0.00511476                          0.04421444
    SCEL8_8_1_1_0_0_6/8           1      0.12500000          0.02783219                     0.02851318    0.03027891                          0.03587096
    SCEL8_8_1_1_0_0_6/9           1      0.62500000          -0.01521336                    0.06193212    -0.02016356                         0.05861759
    SCEL8_8_1_1_0_0_6/10          1      0.75000000          -0.07408241                    0.01389714    -0.08359685                         0.00873950
    SCEL8_8_1_1_0_0_6/11          1      0.62500000          -0.04460711                    0.04384365    -0.05119336                         0.03952233
    SCEL8_8_1_1_0_0_6/12          1      0.50000000          -0.04624307                    0.05748333    -0.04608862                         0.05614627
    SCEL8_8_1_1_0_0_6/13          1      0.50000000          -0.00679432                    0.08378250    -0.00614356                         0.08277631
    SCEL8_8_1_1_0_0_6/14          1      0.62500000          -0.07253336                    0.02665827    -0.07329882                         0.02591897
    SCEL8_8_1_1_0_0_6/15          1      0.62500000          -0.07109461                    0.02754365    -0.06697497                         0.02981056
    SCEL8_8_1_1_0_0_6/16          1      0.50000000          -0.03504432                    0.06494917    -0.03481898                         0.06365937
    SCEL8_8_1_1_0_0_6/17          1      0.37500000          -0.00144527                    0.06459791    -0.00247819                         0.06381998
    SCEL8_8_1_1_0_0_6/18          1      0.62500000          -0.09107336                    0.01524904    -0.08848452                         0.01657392
    SCEL8_8_1_1_0_0_6/19          1      0.50000000          -0.04104932                    0.06094583    -0.04347496                         0.05788871
    SCEL8_8_1_1_0_0_6/20          1      0.50000000          -0.05125807                    0.05414000    -0.04874469                         0.05437556
    SCEL8_8_1_1_0_0_6/21          1      0.37500000          -0.01478152                    0.05489882    -0.01318018                         0.05603671
    SCEL8_8_1_1_0_0_6/22          1      0.37500000          -0.00835277                    0.05957427    -0.01242038                         0.05658930
    SCEL8_8_1_1_0_0_6/23          1      0.25000000          0.01229902                     0.04829260    0.01557580                          0.05258327
    SCEL8_8_1_1_0_0_7/0           1      0.87500000          -0.02811895                    0.02041067    -0.02053266                         0.02355988
    SCEL8_8_1_1_0_0_7/1           1      0.75000000          -0.00612991                    0.05272714    -0.00791483                         0.05198637
    SCEL8_8_1_1_0_0_7/2           1      0.50000000          -0.00971807                    0.08183333    -0.01864510                         0.07444195
    SCEL8_8_1_1_0_0_7/3           1      0.37500000          0.00137098                     0.06664609    0.00201388                          0.06708694
    SCEL8_8_1_1_0_0_7/4           1      0.75000000          -0.02825866                    0.04008214    -0.02449341                         0.04251289
    SCEL8_8_1_1_0_0_7/5           1      0.37500000          0.01931348                     0.07969518    0.02042353                          0.08047577
    SCEL8_8_1_1_0_0_7/6           1      0.25000000          0.01835327                     0.05313600    0.01864943                          0.05504218
    SCEL8_8_1_1_0_0_7/7           1      0.25000000          0.02475590                     0.05825810    0.02726661                          0.06193592
    SCEL8_8_1_1_0_0_7/8           1      0.12500000          0.03102832                     0.03135418    0.02758686                          0.03347803
    SCEL8_8_1_1_0_0_7/9           1      0.62500000          -0.00743961                    0.06671596    -0.00787423                         0.06618026
    SCEL8_8_1_1_0_0_7/10          1      0.75000000          -0.05751366                    0.02336500    -0.04914554                         0.02842596
    SCEL8_8_1_1_0_0_7/11          1      0.62500000          -0.00778586                    0.06650288    -0.01132964                         0.06405385
    SCEL8_8_1_1_0_0_7/12          1      0.50000000          0.01167943                     0.09609833    0.00946705                          0.09318339
    SCEL8_8_1_1_0_0_7/13          1      0.50000000          0.00020943                     0.08845167    0.00266564                          0.08864911
    SCEL8_8_1_1_0_0_7/14          1      0.62500000          -0.01634586                    0.06123519    -0.02469232                         0.05583066
    SCEL8_8_1_1_0_0_7/15          1      0.62500000          -0.01002086                    0.06512750    -0.01934244                         0.05912289
    SCEL8_8_1_1_0_0_7/16          1      0.50000000          0.00094443                     0.08894167    -0.00637978                         0.08261883
    SCEL8_8_1_1_0_0_7/17          1      0.37500000          0.01967973                     0.07996155    0.01391230                          0.07574033
    SCEL8_8_1_1_0_0_7/18          1      0.62500000          -0.05356836                    0.03832904    -0.05700694                         0.03594474
    SCEL8_8_1_1_0_0_7/19          1      0.50000000          -0.02822557                    0.06949500    -0.03275483                         0.06503546
    SCEL8_8_1_1_0_0_7/20          1      0.50000000          -0.01536557                    0.07806833    -0.01428178                         0.07735083
    SCEL8_8_1_1_0_0_7/21          1      0.37500000          -0.00576527                    0.06145609    -0.00394303                         0.06275464
    SCEL8_8_1_1_0_0_7/22          1      0.37500000          -0.00074777                    0.06510518    0.00211133                          0.06715781
    SCEL8_8_1_1_0_0_7/23          1      0.25000000          0.00813565                     0.04496190    0.01285338                          0.05040534
    SCEL8_8_1_1_0_1_0/0           1      0.87500000          -0.03359020                    0.01749267    -0.03398036                         0.01638778
    SCEL8_8_1_1_0_1_0/1           1      0.75000000          -0.02798241                    0.04024000    -0.02800519                         0.04050616
    SCEL8_8_1_1_0_1_0/2           1      0.50000000          -0.04328557                    0.05945500    -0.05095198                         0.05290403
    SCEL8_8_1_1_0_1_0/3           1      0.37500000          -0.00052152                    0.06526973    -0.00154791                         0.06449655
    SCEL8_8_1_1_0_1_0/4           1      0.75000000          -0.03013491                    0.03901000    -0.03401848                         0.03706999
    SCEL8_8_1_1_0_1_0/5           1      0.37500000          -0.02978777                    0.04398518    -0.03096752                         0.04310047
    SCEL8_8_1_1_0_1_0/6           1      0.25000000          0.00507965                     0.04251710    0.00087651                          0.04082384
    SCEL8_8_1_1_0_1_0/7           1      0.25000000          -0.01766935                    0.02431790    -0.01659329                         0.02684800
    SCEL8_8_1_1_0_1_0/8           1      0.12500000          0.01656069                     0.01849407    0.01287899                          0.02040436
    SCEL8_8_1_1_0_1_0/9           1      0.62500000          -0.01479836                    0.06218750    -0.01618088                         0.06106847
    SCEL8_8_1_1_0_1_0/10          1      0.75000000          -0.07263116                    0.01472643    -0.06660566                         0.01844875
    SCEL8_8_1_1_0_1_0/11          1      0.62500000          -0.02944461                    0.05317442    -0.03226783                         0.05116881
    SCEL8_8_1_1_0_1_0/12          1      0.50000000          -0.02030057                    0.07477833    -0.02005122                         0.07350454
    SCEL8_8_1_1_0_1_0/13          1      0.50000000          -0.01202557                    0.08029500    -0.00987408                         0.08028930
    SCEL8_8_1_1_0_1_0/14          1      0.62500000          -0.05126086                    0.03974904    -0.04930811                         0.04068248
    SCEL8_8_1_1_0_1_0/15          1      0.62500000          -0.03656086                    0.04879519    -0.02909954                         0.05311852
    SCEL8_8_1_1_0_1_0/16          1      0.50000000          -0.01269932                    0.07984583    -0.01231953                         0.07865900
    SCEL8_8_1_1_0_1_0/17          1      0.37500000          0.01338973                     0.07538700    0.01111862                          0.07370857
    SCEL8_8_1_1_0_1_0/18          1      0.62500000          -0.06813711                    0.02936365    -0.07108723                         0.02727995
    SCEL8_8_1_1_0_1_0/19          1      0.50000000          -0.03938557                    0.06205500    -0.04617866                         0.05608624
    SCEL8_8_1_1_0_1_0/20          1      0.50000000          -0.04000182                    0.06164417    -0.03604375                         0.06284285
    SCEL8_8_1_1_0_1_0/21          1      0.37500000          -0.02614902                    0.04663155    -0.02468567                         0.04766908
    SCEL8_8_1_1_0_1_0/22          1      0.37500000          -0.01450277                    0.05510155    -0.01304921                         0.05613196
    SCEL8_8_1_1_0_1_0/23          1      0.25000000          0.00507290                     0.04251170    0.00918697                          0.04747221
    SCEL8_8_1_1_0_4_3/0           1      0.87500000          -0.02237520                    0.02347400    -0.01618981                         0.02587607
    SCEL8_8_1_1_0_4_3/1           1      0.75000000          -0.03980616                    0.03348357    -0.03765722                         0.03499072
    SCEL8_8_1_1_0_4_3/2           1      0.75000000          0.00223884                     0.05750929    0.00264722                          0.05802182
    SCEL8_8_1_1_0_4_3/3           1      0.62500000          -0.03323586                    0.05084135    -0.03270920                         0.05089719
    SCEL8_8_1_1_0_4_3/4           1      0.62500000          -0.02069086                    0.05856135    -0.02818794                         0.05367951
    SCEL8_8_1_1_0_4_3/5           1      0.50000000          -0.04321432                    0.05950250    -0.04264527                         0.05844184
    SCEL8_8_1_1_0_4_3/6           1      0.62500000          -0.02857461                    0.05370981    -0.03491129                         0.04954207
    SCEL8_8_1_1_0_4_3/7           1      0.62500000          0.00118789                     0.07202519    -0.00371377                         0.06874053
    SCEL8_8_1_1_0_4_3/8           1      0.50000000          -0.02668682                    0.07052083    -0.02832219                         0.06799056
    SCEL8_8_1_1_0_4_3/9           1      0.50000000          -0.01054307                    0.08128333    -0.00736965                         0.08195892
    SCEL8_8_1_1_0_4_3/10          1      0.37500000          -0.02703402                    0.04598791    -0.02696896                         0.04600851
    SCEL8_8_1_1_0_4_3/11          1      0.50000000          -0.02515182                    0.07154417    -0.03290233                         0.06493714
    SCEL8_8_1_1_0_4_3/12          1      0.37500000          -0.04446152                    0.03331336    -0.04798037                         0.03072748
    SCEL8_8_1_1_0_4_3/13          1      0.37500000          -0.01178027                    0.05708155    -0.00333090                         0.06319982
    SCEL8_8_1_1_0_4_3/14          1      0.25000000          -0.02029610                    0.02221650    -0.01981396                         0.02427147
    SCEL8_8_1_1_0_4_3/15          1      0.37500000          -0.02968027                    0.04406336    -0.02743455                         0.04566990
    SCEL8_8_1_1_0_4_3/16          1      0.25000000          -0.03751285                    0.00844310    -0.03481068                         0.01227409
    SCEL8_8_1_1_0_4_3/17          1      0.12500000          0.00144107                     0.00505440    -0.00359393                         0.00576177
    SCEL8_8_1_1_0_5_2/0           1      0.87500000          -0.04476770                    0.01153133    -0.04678917                         0.00955641
    SCEL8_8_1_1_0_5_2/1           1      0.75000000          -0.06473116                    0.01924071    -0.06458659                         0.01960250
    SCEL8_8_1_1_0_5_2/2           1      0.50000000          -0.08382057                    0.03243167    -0.08725420                         0.02870255
    SCEL8_8_1_1_0_5_2/3           1      0.37500000          -0.02992527                    0.04388518    -0.02146157                         0.05001388
    SCEL8_8_1_1_0_5_2/4           1      0.75000000          -0.07010866                    0.01616786    -0.06332176                         0.02032526
    SCEL8_8_1_1_0_5_2/5           1      0.37500000          -0.05192777                    0.02788336    -0.05492987                         0.02567330
    SCEL8_8_1_1_0_5_2/6           1      0.25000000          -0.00608498                    0.03358540    -0.00306367                         0.03767169
    SCEL8_8_1_1_0_5_2/7           1      0.25000000          -0.02112823                    0.02155080    -0.01774445                         0.02592708
    SCEL8_8_1_1_0_5_2/8           1      0.12500000          0.00802969                     0.01091096    0.00957430                          0.01746686
    SCEL8_8_1_1_0_5_2/9           1      0.62500000          -0.04191336                    0.04550135    -0.03754456                         0.04792159
    SCEL8_8_1_1_0_5_2/10          1      0.75000000          -0.09387741                    0.00258571    -0.09522243                         0.00209631
    SCEL8_8_1_1_0_5_2/11          1      0.62500000          -0.08330086                    0.02003212    -0.08214332                         0.02047620
    SCEL8_8_1_1_0_5_2/12          1      0.50000000          -0.08410057                    0.03224500    -0.08809918                         0.02813923
    SCEL8_8_1_1_0_5_2/13          1      0.50000000          -0.02483057                    0.07175833    -0.02897054                         0.06755833
    SCEL8_8_1_1_0_5_2/14          1      0.62500000          -0.01862461                    0.05983288    -0.02841946                         0.05353704
    SCEL8_8_1_1_0_5_2/15          1      0.50000000          -0.02897557                    0.06899500    -0.03016617                         0.06676124
    SCEL8_8_1_1_0_5_2/16          1      0.37500000          -0.00942277                    0.05879609    -0.00855604                         0.05939972
    SCEL8_8_1_1_0_5_2/17          1      0.62500000          -0.10870961                    0.00439596    -0.10256371                         0.00790980
    SCEL8_8_1_1_0_5_2/18          1      0.50000000          -0.05992807                    0.04836000    -0.06796880                         0.04155949
    SCEL8_8_1_1_0_5_2/19          1      0.50000000          -0.06007557                    0.04826167    -0.06196231                         0.04556381
    SCEL8_8_1_1_0_5_2/20          1      0.37500000          -0.02121777                    0.05021791    -0.02370176                         0.04838466
    SCEL8_8_1_1_0_5_2/21          1      0.37500000          -0.06577777                    0.01781064    -0.07056884                         0.01429951
    SCEL8_8_1_1_0_5_2/22          1      0.25000000          -0.00996698                    0.03047980    -0.00575393                         0.03551949
